Tue, Aug 31, 2021
3:01:36 PM

Temperature (K)	B-Field (Gauss)	sample current AB	sample current AD	sample current AC	sample current BD	sample current -AB	sample current -AD	sample current -AC	sample current -BD	Voltage CD	Voltage BC	Voltage BD	Voltage AC	Voltage -CD	Voltage -BC	Voltage -BD	Voltage -AC	
96.0650000	4706.0000000	0.0000010	0.0000010	0.0000010	0.0000010	-0.0000010	-0.0000010	-0.0000010	-0.0000010	-0.0005706	-0.0005233	0.0007510	0.0013087	-0.0011179	-0.0012332	-0.0013762	-0.0006078
97.4600000	122.2200012	0.0000010	0.0000010	0.0000010	0.0000010	-0.0000010	-0.0000010	-0.0000010	-0.0000010	-0.0005577	-0.0005539	-0.0002702	0.0002217	-0.0009412	-0.0010069	-0.0003523	0.0002704
98.7450000	-4511.0000000	0.0000010	0.0000010	0.0000010	0.0000010	-0.0000010	-0.0000010	-0.0000010	-0.0000010	-0.0004751	-0.0004813	-0.0012642	-0.0007820	-0.0010609	-0.0011211	0.0006363	0.0013415
100.4200000	4705.0000000	0.0000010	0.0000010	0.0000010	0.0000010	-0.0000010	-0.0000010	-0.0000010	-0.0000010	-0.0005391	-0.0004894	0.0007563	0.0012904	-0.0011309	-0.0012464	-0.0013884	-0.0006250
101.8200000	122.0100021	0.0000010	0.0000010	0.0000010	0.0000010	-0.0000010	-0.0000010	-0.0000010	-0.0000010	-0.0005393	-0.0005323	-0.0002660	0.0002134	-0.0009542	-0.0010211	-0.0003584	0.0002672
103.0550000	-4519.0000000	0.0000010	0.0000010	0.0000010	0.0000010	-0.0000010	-0.0000010	-0.0000010	-0.0000010	-0.0004449	-0.0004476	-0.0012660	-0.0007981	-0.0010740	-0.0011361	0.0006395	0.0013441
104.6700000	4704.0000000	0.0000010	0.0000010	0.0000010	0.0000010	-0.0000010	-0.0000010	-0.0000010	-0.0000010	-0.0005062	-0.0004509	0.0007647	0.0012875	-0.0011365	-0.0012554	-0.0013918	-0.0006275
106.0350000	122.3600006	0.0000010	0.0000010	0.0000010	0.0000010	-0.0000010	-0.0000010	-0.0000010	-0.0000010	-0.0005184	-0.0005054	-0.0002624	0.0002095	-0.0009640	-0.0010326	-0.0003562	0.0002702
107.4450000	-4516.0000000	0.0000010	0.0000010	0.0000010	0.0000010	-0.0000010	-0.0000010	-0.0000010	-0.0000010	-0.0004198	-0.0004117	-0.0012618	-0.0008101	-0.0010890	-0.0011497	0.0006381	0.0013426
108.9800000	4701.0000000	0.0000010	0.0000010	0.0000010	0.0000010	-0.0000010	-0.0000010	-0.0000010	-0.0000010	-0.0004756	-0.0004114	0.0007738	0.0012742	-0.0011460	-0.0012695	-0.0013981	-0.0006346
110.2450000	122.0899963	0.0000010	0.0000010	0.0000010	0.0000010	-0.0000010	-0.0000010	-0.0000010	-0.0000010	-0.0004982	-0.0004861	-0.0002621	0.0002008	-0.0009832	-0.0010522	-0.0003638	0.0002713
111.5150000	-4513.0000000	0.0000010	0.0000010	0.0000010	0.0000010	-0.0000010	-0.0000010	-0.0000010	-0.0000010	-0.0003960	-0.0003856	-0.0012617	-0.0008288	-0.0011075	-0.0011699	0.0006389	0.0013438
113.0600000	4700.0000000	0.0000010	0.0000010	0.0000010	0.0000010	-0.0000010	-0.0000010	-0.0000010	-0.0000010	-0.0004461	-0.0003752	0.0007838	0.0012624	-0.0011571	-0.0012866	-0.0014037	-0.0006478
114.3550000	121.9899979	0.0000010	0.0000010	0.0000010	0.0000010	-0.0000010	-0.0000010	-0.0000010	-0.0000010	-0.0004741	-0.0004562	-0.0002561	0.0001953	-0.0009942	-0.0010648	-0.0003638	0.0002714
115.6000000	-4510.0000000	0.0000010	0.0000010	0.0000010	0.0000010	-0.0000010	-0.0000010	-0.0000010	-0.0000010	-0.0003642	-0.0003491	-0.0012573	-0.0008380	-0.0011200	-0.0011910	0.0006384	0.0013453
117.1650000	4697.0000000	0.0000010	0.0000010	0.0000010	0.0000010	-0.0000010	-0.0000010	-0.0000010	-0.0000010	-0.0004144	-0.0003405	0.0007887	0.0012535	-0.0011687	-0.0012993	-0.0014137	-0.0006587
118.6000000	122.1399994	0.0000010	0.0000010	0.0000010	0.0000010	-0.0000010	-0.0000010	-0.0000010	-0.0000010	-0.0004448	-0.0004231	-0.0002515	0.0001881	-0.0010025	-0.0010793	-0.0003684	0.0002649
120.0350000	-4511.0000000	0.0000010	0.0000010	0.0000010	0.0000010	-0.0000010	-0.0000010	-0.0000010	-0.0000010	-0.0003314	-0.0003102	-0.0012599	-0.0008608	-0.0011333	-0.0012089	0.0006402	0.0013372
121.7450000	4696.0000000	0.0000010	0.0000010	0.0000010	0.0000010	-0.0000010	-0.0000010	-0.0000010	-0.0000010	-0.0003714	-0.0002939	0.0007970	0.0012348	-0.0011811	-0.0013176	-0.0014225	-0.0006655
123.0150000	122.0899963	0.0000010	0.0000010	0.0000010	0.0000010	-0.0000010	-0.0000010	-0.0000010	-0.0000010	-0.0004172	-0.0003915	-0.0002464	0.0001774	-0.0010140	-0.0010961	-0.0003707	0.0002675
124.2850000	-4508.0000000	0.0000010	0.0000010	0.0000010	0.0000010	-0.0000010	-0.0000010	-0.0000010	-0.0000010	-0.0002950	-0.0002726	-0.0012533	-0.0008724	-0.0011509	-0.0012318	0.0006350	0.0013436
125.8700000	4694.0000000	0.0000010	0.0000010	0.0000010	0.0000010	-0.0000010	-0.0000010	-0.0000010	-0.0000010	-0.0003357	-0.0002532	0.0008077	0.0012252	-0.0011913	-0.0013312	-0.0014262	-0.0006808
127.2850000	121.9499969	0.0000010	0.0000010	0.0000010	0.0000010	-0.0000010	-0.0000010	-0.0000010	-0.0000010	-0.0003875	-0.0003566	-0.0002464	0.0001622	-0.0010272	-0.0011143	-0.0003749	0.0002615
128.5400000	-4506.0000000	0.0000010	0.0000010	0.0000010	0.0000010	-0.0000010	-0.0000010	-0.0000010	-0.0000010	-0.0002575	-0.0002323	-0.0012554	-0.0008921	-0.0011638	-0.0012523	0.0006344	0.0013396
130.1250000	4693.0000000	0.0000010	0.0000010	0.0000010	0.0000010	-0.0000010	-0.0000010	-0.0000010	-0.0000010	-0.0002961	-0.0002093	0.0008108	0.0012074	-0.0012043	-0.0013543	-0.0014405	-0.0006911
131.4400000	121.9700012	0.0000010	0.0000010	0.0000010	0.0000010	-0.0000010	-0.0000010	-0.0000010	-0.0000010	-0.0003565	-0.0003222	-0.0002428	0.0001525	-0.0010388	-0.0011313	-0.0003817	0.0002587
132.7150000	-4505.0000000	0.0000010	0.0000010	0.0000010	0.0000010	-0.0000010	-0.0000010	-0.0000010	-0.0000010	-0.0002204	-0.0001902	-0.0012519	-0.0009075	-0.0011767	-0.0012700	0.0006345	0.0013419
134.2550000	4692.0000000	0.0000010	0.0000010	0.0000010	0.0000010	-0.0000010	-0.0000010	-0.0000010	-0.0000010	-0.0002534	-0.0001636	0.0008233	0.0011930	-0.0012126	-0.0013704	-0.0014484	-0.0006987
135.5850000	121.9400024	0.0000010	0.0000010	0.0000010	0.0000010	-0.0000010	-0.0000010	-0.0000010	-0.0000010	-0.0003239	-0.0002869	-0.0002395	0.0001372	-0.0010468	-0.0011456	-0.0003829	0.0002475
137.0100000	-4504.0000000	0.0000010	0.0000010	0.0000010	0.0000010	-0.0000010	-0.0000010	-0.0000010	-0.0000010	-0.0001759	-0.0001422	-0.0012529	-0.0009341	-0.0011865	-0.0012872	0.0006291	0.0013327
138.5550000	4690.0000000	0.0000010	0.0000010	0.0000010	0.0000010	-0.0000010	-0.0000010	-0.0000010	-0.0000010	-0.0002083	-0.0001153	0.0008270	0.0011727	-0.0012242	-0.0013888	-0.0014576	-0.0007141
139.8550000	121.8099976	0.0000010	0.0000010	0.0000010	0.0000010	-0.0000010	-0.0000010	-0.0000010	-0.0000010	-0.0002852	-0.0002469	-0.0002339	0.0001204	-0.0010567	-0.0011625	-0.0003951	0.0002437
141.1750000	-4504.0000000	0.0000010	0.0000010	0.0000010	0.0000010	-0.0000010	-0.0000010	-0.0000010	-0.0000010	-0.0001396	-0.0000997	-0.0012505	-0.0009517	-0.0012020	-0.0013054	0.0006271	0.0013263
142.8800000	4690.0000000	0.0000010	0.0000010	0.0000010	0.0000010	-0.0000010	-0.0000010	-0.0000010	-0.0000010	-0.0001693	-0.0000703	0.0008336	0.0011598	-0.0012358	-0.0014050	-0.0014679	-0.0007307
144.1950000	121.8499985	0.0000010	0.0000010	0.0000010	0.0000010	-0.0000010	-0.0000010	-0.0000010	-0.0000010	-0.0002481	-0.0002061	-0.0002275	0.0001040	-0.0010755	-0.0011872	-0.0003977	0.0002371
145.4600000	-4503.0000000	0.0000010	0.0000010	0.0000010	0.0000010	-0.0000010	-0.0000010	-0.0000010	-0.0000010	-0.0000987	-0.0000542	-0.0012509	-0.0009769	-0.0012249	-0.0013323	0.0006252	0.0013271
147.0000000	4689.0000000	0.0000010	0.0000010	0.0000010	0.0000010	-0.0000010	-0.0000010	-0.0000010	-0.0000010	-0.0001278	-0.0000214	0.0008510	0.0011445	-0.0012592	-0.0014318	-0.0014735	-0.0007370
148.3350000	121.9300003	0.0000010	0.0000010	0.0000010	0.0000010	-0.0000010	-0.0000010	-0.0000010	-0.0000010	-0.0002190	-0.0001667	-0.0002181	0.0000906	-0.0010945	-0.0012048	-0.0003967	0.0002333
149.7250000	-4501.0000000	0.0000010	0.0000010	0.0000010	0.0000010	-0.0000010	-0.0000010	-0.0000010	-0.0000010	-0.0000613	-0.0000051	-0.0012403	-0.0009930	-0.0012470	-0.0013585	0.0006288	0.0013294
151.3350000	4689.0000000	0.0000010	0.0000010	0.0000010	0.0000010	-0.0000010	-0.0000010	-0.0000010	-0.0000010	-0.0000930	0.0000276	0.0008628	0.0011338	-0.0012830	-0.0014562	-0.0014783	-0.0007501
152.6800000	121.8600006	0.0000010	0.0000010	0.0000010	0.0000010	-0.0000010	-0.0000010	-0.0000010	-0.0000010	-0.0001857	-0.0001232	-0.0002121	0.0000767	-0.0011233	-0.0012360	-0.0004009	0.0002324
154.0450000	-4501.0000000	0.0000010	0.0000010	0.0000010	0.0000010	-0.0000010	-0.0000010	-0.0000010	-0.0000010	-0.0000200	0.0000446	-0.0012371	-0.0010121	-0.0012742	-0.0013847	0.0006310	0.0013340
155.6000000	4687.0000000	0.0000010	0.0000010	0.0000010	0.0000010	-0.0000010	-0.0000010	-0.0000010	-0.0000010	-0.0000452	0.0000809	0.0008749	0.0011240	-0.0012990	-0.0014822	-0.0014894	-0.0007531
156.9100000	121.7900009	0.0000010	0.0000010	0.0000010	0.0000010	-0.0000010	-0.0000010	-0.0000010	-0.0000010	-0.0001401	-0.0000761	-0.0002064	0.0000670	-0.0011335	-0.0012549	-0.0004074	0.0002284
158.3100000	-4501.0000000	0.0000010	0.0000010	0.0000010	0.0000010	-0.0000010	-0.0000010	-0.0000010	-0.0000010	0.0000289	0.0000918	-0.0012412	-0.0010359	-0.0012831	-0.0014137	0.0006254	0.0013334
159.8700000	4686.0000000	0.0000010	0.0000010	0.0000010	0.0000010	-0.0000010	-0.0000010	-0.0000010	-0.0000010	0.0000101	0.0001341	0.0008771	0.0011029	-0.0013080	-0.0014998	-0.0015078	-0.0007674
161.1300000	121.9300003	0.0000010	0.0000010	0.0000010	0.0000010	-0.0000010	-0.0000010	-0.0000010	-0.0000010	-0.0000973	-0.0000284	-0.0002058	0.0000415	-0.0011380	-0.0012707	-0.0004202	0.0002226
162.4650000	-4498.0000000	0.0000010	0.0000010	0.0000010	0.0000010	-0.0000010	-0.0000010	-0.0000010	-0.0000010	0.0000751	0.0001365	-0.0012455	-0.0010576	-0.0012945	-0.0014322	0.0006142	0.0013240
164.0450000	4685.0000000	0.0000010	0.0000010	0.0000010	0.0000010	-0.0000010	-0.0000010	-0.0000010	-0.0000010	0.0000641	0.0001904	0.0008838	0.0010815	-0.0013056	-0.0015132	-0.0015185	-0.0007887
165.3250000	121.8099976	0.0000010	0.0000010	0.0000010	0.0000010	-0.0000010	-0.0000010	-0.0000010	-0.0000010	-0.0000403	0.0000249	-0.0002086	0.0000155	-0.0011373	-0.0012819	-0.0004272	0.0001991
166.6850000	-4498.0000000	0.0000010	0.0000010	0.0000010	0.0000010	-0.0000010	-0.0000010	-0.0000010	-0.0000010	0.0001346	0.0001959	-0.0012464	-0.0010901	-0.0012911	-0.0014422	0.0006133	0.0013089
168.4250000	4685.0000000	0.0000010	0.0000010	0.0000010	0.0000010	-0.0000010	-0.0000010	-0.0000010	-0.0000010	0.0001352	0.0002596	0.0008882	0.0010455	-0.0013010	-0.0015181	-0.0015347	-0.0008269
169.7800000	121.8899994	0.0000010	0.0000010	0.0000010	0.0000010	-0.0000010	-0.0000010	-0.0000010	-0.0000010	0.0000264	0.0000926	-0.0002007	-0.0000185	-0.0011330	-0.0012919	-0.0004404	0.0001796
171.0900000	-4496.0000000	0.0000010	0.0000010	0.0000010	0.0000010	-0.0000010	-0.0000010	-0.0000010	-0.0000010	0.0002013	0.0002678	-0.0012482	-0.0011402	-0.0012939	-0.0014519	0.0006040	0.0012898
172.7100000	4684.0000000	0.0000010	0.0000010	0.0000010	0.0000010	-0.0000010	-0.0000010	-0.0000010	-0.0000010	0.0002005	0.0003339	0.0009013	0.0010028	-0.0012990	-0.0015293	-0.0015469	-0.0008509
173.9950000	121.8700027	0.0000010	0.0000010	0.0000010	0.0000010	-0.0000010	-0.0000010	-0.0000010	-0.0000010	0.0000820	0.0001498	-0.0001997	-0.0000556	-0.0011412	-0.0013030	-0.0004453	0.0001612
175.2750000	-4497.0000000	0.0000010	0.0000010	0.0000010	0.0000010	-0.0000010	-0.0000010	-0.0000010	-0.0000010	0.0002581	0.0003277	-0.0012454	-0.0011708	-0.0013063	-0.0014684	0.0006035	0.0012808
176.8300000	4684.0000000	0.0000010	0.0000010	0.0000010	0.0000010	-0.0000010	-0.0000010	-0.0000010	-0.0000010	0.0002535	0.0003913	0.0009112	0.0009896	-0.0013195	-0.0015528	-0.0015544	-0.0008639
178.1700000	121.9000015	0.0000010	0.0000010	0.0000010	0.0000010	-0.0000010	-0.0000010	-0.0000010	-0.0000010	0.0001341	0.0002099	-0.0001887	-0.0000700	-0.0011617	-0.0013322	-0.0004474	0.0001583
179.5100000	-4496.0000000	0.0000010	0.0000010	0.0000010	0.0000010	-0.0000010	-0.0000010	-0.0000010	-0.0000010	0.0003059	0.0003828	-0.0012381	-0.0011996	-0.0013261	-0.0014903	0.0006069	0.0012671
181.2150000	4683.0000000	0.0000010	0.0000010	0.0000010	0.0000010	-0.0000010	-0.0000010	-0.0000010	-0.0000010	0.0003042	0.0004534	0.0009258	0.0009717	-0.0013435	-0.0015873	-0.0015650	-0.0008741
182.5000000	121.9000015	0.0000010	0.0000010	0.0000010	0.0000010	-0.0000010	-0.0000010	-0.0000010	-0.0000010	0.0001806	0.0002660	-0.0001751	-0.0000925	-0.0011901	-0.0013639	-0.0004531	0.0001520
183.8050000	-4496.0000000	0.0000010	0.0000010	0.0000010	0.0000010	-0.0000010	-0.0000010	-0.0000010	-0.0000010	0.0003569	0.0004434	-0.0012304	-0.0012160	-0.0013558	-0.0015294	0.0006096	0.0012730
185.4950000	4683.0000000	0.0000010	0.0000010	0.0000010	0.0000010	-0.0000010	-0.0000010	-0.0000010	-0.0000010	0.0003598	0.0005185	0.0009412	0.0009514	-0.0013668	-0.0016200	-0.0015747	-0.0008826
186.8200000	121.9300003	0.0000010	0.0000010	0.0000010	0.0000010	-0.0000010	-0.0000010	-0.0000010	-0.0000010	0.0002251	0.0003184	-0.0001675	-0.0001068	-0.0012196	-0.0013956	-0.0004568	0.0001361
188.2050000	-4496.0000000	0.0000010	0.0000010	0.0000010	0.0000010	-0.0000010	-0.0000010	-0.0000010	-0.0000010	0.0004075	0.0005022	-0.0012260	-0.0012394	-0.0013894	-0.0015674	0.0006069	0.0012748
189.8900000	4682.0000000	0.0000010	0.0000010	0.0000010	0.0000010	-0.0000010	-0.0000010	-0.0000010	-0.0000010	0.0004039	0.0005753	0.0009557	0.0009409	-0.0014005	-0.0016559	-0.0015838	-0.0008922
191.1750000	121.8300018	0.0000010	0.0000010	0.0000010	0.0000010	-0.0000010	-0.0000010	-0.0000010	-0.0000010	0.0002778	0.0003782	-0.0001581	-0.0001222	-0.0012462	-0.0014305	-0.0004597	0.0001508
192.4600000	-4494.0000000	0.0000010	0.0000010	0.0000010	0.0000010	-0.0000010	-0.0000010	-0.0000010	-0.0000010	0.0004610	0.0005649	-0.0012161	-0.0012647	-0.0014166	-0.0016019	0.0006058	0.0012850
194.0450000	4682.0000000	0.0000010	0.0000010	0.0000010	0.0000010	-0.0000010	-0.0000010	-0.0000010	-0.0000010	0.0004481	0.0006288	0.0009727	0.0009294	-0.0014250	-0.0016839	-0.0015863	-0.0009039
195.4100000	121.7900009	0.0000010	0.0000010	0.0000010	0.0000010	-0.0000010	-0.0000010	-0.0000010	-0.0000010	0.0003227	0.0004361	-0.0001489	-0.0001407	-0.0012717	-0.0014647	-0.0004665	0.0001330
196.7900000	-4495.0000000	0.0000010	0.0000010	0.0000010	0.0000010	-0.0000010	-0.0000010	-0.0000010	-0.0000010	0.0005076	0.0006180	-0.0012142	-0.0012882	-0.0014449	-0.0016306	0.0006051	0.0012675
198.5550000	4680.0000000	0.0000010	0.0000010	0.0000010	0.0000010	-0.0000010	-0.0000010	-0.0000010	-0.0000010	0.0005040	0.0006984	0.0009862	0.0008991	-0.0014507	-0.0017124	-0.0015943	-0.0009263
200.0150000	121.7399979	0.0000010	0.0000010	0.0000010	0.0000010	-0.0000010	-0.0000010	-0.0000010	-0.0000010	0.0003809	0.0005091	-0.0001340	-0.0001850	-0.0012960	-0.0014873	-0.0004697	0.0001182
201.5000000	-4494.0000000	0.0000010	0.0000010	0.0000010	0.0000010	-0.0000010	-0.0000010	-0.0000010	-0.0000010	0.0005659	0.0006869	-0.0012048	-0.0013230	-0.0014791	-0.0016698	0.0005999	0.0012596
203.3000000	4681.0000000	0.0000010	0.0000010	0.0000010	0.0000010	-0.0000010	-0.0000010	-0.0000010	-0.0000010	0.0005572	0.0007647	0.0009973	0.0008804	-0.0014865	-0.0017543	-0.0016035	-0.0009384
204.7500000	121.7300034	0.0000010	0.0000010	0.0000010	0.0000010	-0.0000010	-0.0000010	-0.0000010	-0.0000010	0.0004346	0.0005777	-0.0001222	-0.0002076	-0.0013244	-0.0015229	-0.0004723	0.0001094
206.3000000	-4494.0000000	0.0000010	0.0000010	0.0000010	0.0000010	-0.0000010	-0.0000010	-0.0000010	-0.0000010	0.0006220	0.0007558	-0.0011950	-0.0013478	-0.0015109	-0.0017046	0.0005981	0.0012509
208.0500000	4680.0000000	0.0000010	0.0000010	0.0000010	0.0000010	-0.0000010	-0.0000010	-0.0000010	-0.0000010	0.0006222	0.0008414	0.0010201	0.0008567	-0.0015086	-0.0017875	-0.0016074	-0.0009460
209.4500000	121.7300034	0.0000010	0.0000010	0.0000010	0.0000010	-0.0000010	-0.0000010	-0.0000010	-0.0000010	0.0004990	0.0006509	-0.0001020	-0.0002361	-0.0013541	-0.0015584	-0.0004804	0.0000972
211.0000000	-4493.0000000	0.0000010	0.0000010	0.0000010	0.0000010	-0.0000010	-0.0000010	-0.0000010	-0.0000010	0.0006827	0.0008266	-0.0011807	-0.0013844	-0.0015427	-0.0017437	0.0005929	0.0012419
212.7500000	4680.0000000	0.0000010	0.0000010	0.0000010	0.0000010	-0.0000010	-0.0000010	-0.0000010	-0.0000010	0.0006809	0.0009167	0.0010331	0.0008202	-0.0015367	-0.0018211	-0.0016130	-0.0009602
214.2500000	121.7699966	0.0000010	0.0000010	0.0000010	0.0000010	-0.0000010	-0.0000010	-0.0000010	-0.0000010	0.0005521	0.0007152	-0.0000942	-0.0002591	-0.0013877	-0.0015949	-0.0004800	0.0000863
215.7500000	-4493.0000000	0.0000010	0.0000010	0.0000010	0.0000010	-0.0000010	-0.0000010	-0.0000010	-0.0000010	0.0007470	0.0009038	-0.0011648	-0.0014162	-0.0015642	-0.0017687	0.0005894	0.0012284
217.5500000	4679.0000000	0.0000010	0.0000010	0.0000010	0.0000010	-0.0000010	-0.0000010	-0.0000010	-0.0000010	0.0007467	0.0009999	0.0010526	0.0007791	-0.0015584	-0.0018478	-0.0016184	-0.0009820
219.0000000	121.8600006	0.0000010	0.0000010	0.0000010	0.0000010	-0.0000010	-0.0000010	-0.0000010	-0.0000010	0.0006261	0.0008061	-0.0000736	-0.0003019	-0.0014004	-0.0016113	-0.0004850	0.0000614
220.5000000	-4493.0000000	0.0000010	0.0000010	0.0000010	0.0000010	-0.0000010	-0.0000010	-0.0000010	-0.0000010	0.0008322	0.0010044	-0.0011470	-0.0014818	-0.0015609	-0.0017707	0.0005857	0.0011806
222.2500000	4680.0000000	0.0000010	0.0000010	0.0000010	0.0000010	-0.0000010	-0.0000010	-0.0000010	-0.0000010	0.0008640	0.0011396	0.0010712	0.0006594	-0.0015193	-0.0018013	-0.0016060	-0.0011071
223.8500000	121.7699966	0.0000010	0.0000010	0.0000010	0.0000010	-0.0000010	-0.0000010	-0.0000010	-0.0000010	0.0007604	0.0009654	-0.0000398	-0.0004485	-0.0013680	-0.0015653	-0.0004670	-0.0000521
225.4500000	-4492.0000000	0.0000010	0.0000010	0.0000010	0.0000010	-0.0000010	-0.0000010	-0.0000010	-0.0000010	0.0009446	0.0011534	-0.0011024	-0.0015883	-0.0015533	-0.0017478	0.0005967	0.0010856
227.2000000	4679.0000000	0.0000010	0.0000010	0.0000010	0.0000010	-0.0000010	-0.0000010	-0.0000010	-0.0000010	0.0009405	0.0012412	0.0010951	0.0005946	-0.0015479	-0.0018347	-0.0015988	-0.0010908
228.7500000	121.8600006	0.0000010	0.0000010	0.0000010	0.0000010	-0.0000010	-0.0000010	-0.0000010	-0.0000010	0.0008110	0.0010299	-0.0000279	-0.0004617	-0.0014132	-0.0016226	-0.0004798	-0.0000437
230.3000000	-4492.0000000	0.0000010	0.0000010	0.0000010	0.0000010	-0.0000010	-0.0000010	-0.0000010	-0.0000010	0.0009918	0.0012131	-0.0010792	-0.0015892	-0.0015961	-0.0018000	0.0005723	0.0010849
232.2000000	4679.0000000	0.0000010	0.0000010	0.0000010	0.0000010	-0.0000010	-0.0000010	-0.0000010	-0.0000010	0.0009927	0.0013063	0.0010889	0.0005678	-0.0015882	-0.0018903	-0.0015924	-0.0010680
233.7000000	121.8600006	0.0000010	0.0000010	0.0000010	0.0000010	-0.0000010	-0.0000010	-0.0000010	-0.0000010	0.0008621	0.0010981	-0.0000180	-0.0004728	-0.0014494	-0.0016678	-0.0004837	-0.0000411
235.2000000	-4491.0000000	0.0000010	0.0000010	0.0000010	0.0000010	-0.0000010	-0.0000010	-0.0000010	-0.0000010	0.0010425	0.0012781	-0.0010409	-0.0015847	-0.0016293	-0.0018479	0.0005395	0.0010629
237.0000000	4678.0000000	0.0000010	0.0000010	0.0000010	0.0000010	-0.0000010	-0.0000010	-0.0000010	-0.0000010	0.0010402	0.0013631	0.0010714	0.0005178	-0.0016164	-0.0019245	-0.0015665	-0.0010303
238.5000000	121.7900009	0.0000010	0.0000010	0.0000010	0.0000010	-0.0000010	-0.0000010	-0.0000010	-0.0000010	0.0009021	0.0011444	-0.0000069	-0.0004865	-0.0014794	-0.0017100	-0.0004950	-0.0000356
240.0000000	-4492.0000000	0.0000010	0.0000010	0.0000010	0.0000010	-0.0000010	-0.0000010	-0.0000010	-0.0000010	0.0010863	0.0013260	-0.0009848	-0.0015443	-0.0016504	-0.0018773	0.0004832	0.0010116
241.8000000	4678.0000000	0.0000010	0.0000010	0.0000010	0.0000010	-0.0000010	-0.0000010	-0.0000010	-0.0000010	0.0010736	0.0014018	0.0010149	0.0004444	-0.0016368	-0.0019452	-0.0015075	-0.0009663
243.3000000	121.7799988	0.0000010	0.0000010	0.0000010	0.0000010	-0.0000010	-0.0000010	-0.0000010	-0.0000010	0.0009281	0.0011749	0.0000013	-0.0005007	-0.0014876	-0.0017277	-0.0005012	-0.0000333
244.8000000	-4491.0000000	0.0000010	0.0000010	0.0000010	0.0000010	-0.0000010	-0.0000010	-0.0000010	-0.0000010	0.0010935	0.0013423	-0.0008945	-0.0014648	-0.0016533	-0.0018866	0.0003835	0.0009161
246.7000000	4679.0000000	0.0000010	0.0000010	0.0000010	0.0000010	-0.0000010	-0.0000010	-0.0000010	-0.0000010	0.0010710	0.0013917	0.0008997	0.0003255	-0.0016274	-0.0019321	-0.0013930	-0.0008537
248.2000000	121.8199997	0.0000010	0.0000010	0.0000010	0.0000010	-0.0000010	-0.0000010	-0.0000010	-0.0000010	0.0009198	0.0011652	-0.0000033	-0.0005056	-0.0014703	-0.0017010	-0.0004978	-0.0000406
249.7000000	-4491.0000000	0.0000010	0.0000010	0.0000010	0.0000010	-0.0000010	-0.0000010	-0.0000010	-0.0000010	0.0010638	0.0013164	-0.0007416	-0.0013125	-0.0016069	-0.0018384	0.0002373	0.0007500
251.5000000	4678.0000000	0.0000010	0.0000010	0.0000010	0.0000010	-0.0000010	-0.0000010	-0.0000010	-0.0000010	0.0010201	0.0013259	0.0007232	0.0001530	-0.0015597	-0.0018421	-0.0012003	-0.0006856
253.0000000	121.7699966	0.0000010	0.0000010	0.0000010	0.0000010	-0.0000010	-0.0000010	-0.0000010	-0.0000010	0.0008644	0.0011074	-0.0000078	-0.0005004	-0.0013988	-0.0016172	-0.0004824	-0.0000461
254.5000000	-4491.0000000	0.0000010	0.0000010	0.0000010	0.0000010	-0.0000010	-0.0000010	-0.0000010	-0.0000010	0.0009710	0.0012196	-0.0005413	-0.0010817	-0.0015010	-0.0017227	0.0000420	0.0005173
256.3500000	4678.0000000	0.0000010	0.0000010	0.0000010	0.0000010	-0.0000010	-0.0000010	-0.0000010	-0.0000010	0.0009072	0.0011796	0.0004659	-0.0000588	-0.0014288	-0.0016740	-0.0009352	-0.0004731
257.8500000	123.5000000	0.0000010	0.0000010	0.0000010	0.0000010	-0.0000010	-0.0000010	-0.0000010	-0.0000010	0.0007513	0.0009598	-0.0000323	-0.0004805	-0.0012711	-0.0014636	-0.0004530	-0.0000739
259.3500000	-4491.0000000	0.0000010	0.0000010	0.0000010	0.0000010	-0.0000010	-0.0000010	-0.0000010	-0.0000010	0.0008196	0.0010396	-0.0003305	-0.0008122	-0.0013290	-0.0015312	-0.0001586	0.0002426
261.1000000	4678.0000000	0.0000010	0.0000010	0.0000010	0.0000010	-0.0000010	-0.0000010	-0.0000010	-0.0000010	0.0007476	0.0009616	0.0002055	-0.0002524	-0.0012511	-0.0014524	-0.0006732	-0.0002888
262.6000000	121.9499969	0.0000010	0.0000010	0.0000010	0.0000010	-0.0000010	-0.0000010	-0.0000010	-0.0000010	0.0005927	0.0007733	-0.0000674	-0.0004504	-0.0011023	-0.0012655	-0.0004190	-0.0001073
264.1000000	-4491.0000000	0.0000010	0.0000010	0.0000010	0.0000010	-0.0000010	-0.0000010	-0.0000010	-0.0000010	0.0006258	0.0008166	-0.0001825	-0.0005755	-0.0011359	-0.0012986	-0.0003044	0.0000127
265.9500000	4679.0000000	0.0000010	0.0000010	0.0000010	0.0000010	-0.0000010	-0.0000010	-0.0000010	-0.0000010	0.0005507	0.0007232	-0.0000061	-0.0003748	-0.0010556	-0.0012140	-0.0004737	-0.0001772
267.3500000	121.7399979	0.0000010	0.0000010	0.0000010	0.0000010	-0.0000010	-0.0000010	-0.0000010	-0.0000010	0.0004216	0.0005681	-0.0001043	-0.0004146	-0.0009312	-0.0010557	-0.0003786	-0.0001441
268.9500000	-4491.0000000	0.0000010	0.0000010	0.0000010	0.0000010	-0.0000010	-0.0000010	-0.0000010	-0.0000010	0.0004262	0.0005804	-0.0001068	-0.0004200	-0.0009498	-0.0010740	-0.0003771	-0.0001364
270.7000000	4678.0000000	0.0000010	0.0000010	0.0000010	0.0000010	-0.0000010	-0.0000010	-0.0000010	-0.0000010	0.0003693	0.0004948	-0.0001407	-0.0004251	-0.0008783	-0.0009918	-0.0003428	-0.0001255
272.2000000	121.7399979	0.0000010	0.0000010	0.0000010	0.0000010	-0.0000010	-0.0000010	-0.0000010	-0.0000010	0.0002667	0.0003740	-0.0001372	-0.0003786	-0.0007848	-0.0008765	-0.0003465	-0.0001741
273.7000000	-4491.0000000	0.0000010	0.0000010	0.0000010	0.0000010	-0.0000010	-0.0000010	-0.0000010	-0.0000010	0.0002629	0.0003756	-0.0000881	-0.0003228	-0.0007907	-0.0008810	-0.0003948	-0.0002221
275.4500000	4679.0000000	0.0000010	0.0000010	0.0000010	0.0000010	-0.0000010	-0.0000010	-0.0000010	-0.0000010	0.0002169	0.0003096	-0.0002171	-0.0004262	-0.0007289	-0.0008157	-0.0002768	-0.0001245
277.0000000	121.6299973	0.0000010	0.0000010	0.0000010	0.0000010	-0.0000010	-0.0000010	-0.0000010	-0.0000010	0.0001398	0.0002222	-0.0001663	-0.0003460	-0.0006625	-0.0007303	-0.0003185	-0.0001949
278.5000000	-4491.0000000	0.0000010	0.0000010	0.0000010	0.0000010	-0.0000010	-0.0000010	-0.0000010	-0.0000010	0.0001334	0.0002236	-0.0000925	-0.0002706	-0.0006674	-0.0007292	-0.0003781	-0.0002541
280.2500000	4678.0000000	0.0000010	0.0000010	0.0000010	0.0000010	-0.0000010	-0.0000010	-0.0000010	-0.0000010	0.0001013	0.0001684	-0.0002509	-0.0004055	-0.0006177	-0.0006826	-0.0002461	-0.0001353
281.8000000	121.7699966	0.0000010	0.0000010	0.0000010	0.0000010	-0.0000010	-0.0000010	-0.0000010	-0.0000010	0.0000444	0.0001029	-0.0001894	-0.0003267	-0.0005722	-0.0006203	-0.0003037	-0.0002176
283.2500000	-4490.0000000	0.0000010	0.0000010	0.0000010	0.0000010	-0.0000010	-0.0000010	-0.0000010	-0.0000010	0.0000330	0.0000983	-0.0001170	-0.0002504	-0.0005733	-0.0006196	-0.0003588	-0.0002729
285.1000000	4678.0000000	0.0000010	0.0000010	0.0000010	0.0000010	-0.0000010	-0.0000010	-0.0000010	-0.0000010	0.0000135	0.0000614	-0.0002641	-0.0003792	-0.0005342	-0.0005822	-0.0002356	-0.0001535
286.6000000	121.8000031	0.0000010	0.0000010	0.0000010	0.0000010	-0.0000010	-0.0000010	-0.0000010	-0.0000010	-0.0000318	0.0000153	-0.0002011	-0.0003081	-0.0005034	-0.0005385	-0.0002838	-0.0002202
288.1000000	-4490.0000000	0.0000010	0.0000010	0.0000010	0.0000010	-0.0000010	-0.0000010	-0.0000010	-0.0000010	-0.0000396	0.0000151	-0.0001391	-0.0002410	-0.0005081	-0.0005362	-0.0003358	-0.0002749
289.9000000	4679.0000000	0.0000010	0.0000010	0.0000010	0.0000010	-0.0000010	-0.0000010	-0.0000010	-0.0000010	-0.0000555	-0.0000233	-0.0002716	-0.0003607	-0.0004804	-0.0005169	-0.0002395	-0.0001785
291.4500000	121.7900009	0.0000010	0.0000010	0.0000010	0.0000010	-0.0000010	-0.0000010	-0.0000010	-0.0000010	-0.0000896	-0.0000531	-0.0002123	-0.0002887	-0.0004525	-0.0004774	-0.0002747	-0.0002271
293.0000000	-4490.0000000	0.0000010	0.0000010	0.0000010	0.0000010	-0.0000010	-0.0000010	-0.0000010	-0.0000010	-0.0000998	-0.0000559	-0.0001557	-0.0002336	-0.0004555	-0.0004788	-0.0003145	-0.0002668
294.7500000	4677.0000000	0.0000010	0.0000010	0.0000010	0.0000010	-0.0000010	-0.0000010	-0.0000010	-0.0000010	-0.0001038	-0.0000812	-0.0002666	-0.0003267	-0.0004237	-0.0004588	-0.0002316	-0.0001795
296.3000000	121.7500000	0.0000010	0.0000010	0.0000010	0.0000010	-0.0000010	-0.0000010	-0.0000010	-0.0000010	-0.0001299	-0.0001024	-0.0002186	-0.0002741	-0.0004110	-0.0004314	-0.0002633	-0.0002234
297.8000000	-4490.0000000	0.0000010	0.0000010	0.0000010	0.0000010	-0.0000010	-0.0000010	-0.0000010	-0.0000010	-0.0001378	-0.0001082	-0.0001761	-0.0002286	-0.0004143	-0.0004339	-0.0002987	-0.0002585
299.6500000	4677.0000000	0.0000010	0.0000010	0.0000010	0.0000010	-0.0000010	-0.0000010	-0.0000010	-0.0000010	-0.0001415	-0.0001265	-0.0002699	-0.0003129	-0.0003947	-0.0004227	-0.0002391	-0.0001952
301.1500000	121.8899994	0.0000010	0.0000010	0.0000010	0.0000010	-0.0000010	-0.0000010	-0.0000010	-0.0000010	-0.0001633	-0.0001433	-0.0002308	-0.0002666	-0.0003834	-0.0003996	-0.0002629	-0.0002264
302.7000000	-4490.0000000	0.0000010	0.0000010	0.0000010	0.0000010	-0.0000010	-0.0000010	-0.0000010	-0.0000010	-0.0001704	-0.0001450	-0.0001893	-0.0002259	-0.0003901	-0.0004021	-0.0002911	-0.0002504
304.4500000	4678.0000000	0.0000010	0.0000010	0.0000010	0.0000010	-0.0000010	-0.0000010	-0.0000010	-0.0000010	-0.0001696	-0.0001621	-0.0002655	-0.0002901	-0.0003703	-0.0003945	-0.0002425	-0.0002009
306.0000000	121.6900024	0.0000010	0.0000010	0.0000010	0.0000010	-0.0000010	-0.0000010	-0.0000010	-0.0000010	-0.0001863	-0.0001719	-0.0002296	-0.0002583	-0.0003605	-0.0003723	-0.0002566	-0.0002295
307.5000000	-4489.0000000	0.0000010	0.0000010	0.0000010	0.0000010	-0.0000010	-0.0000010	-0.0000010	-0.0000010	-0.0001958	-0.0001754	-0.0001988	-0.0002211	-0.0003690	-0.0003768	-0.0002770	-0.0002470
309.3500000	4677.0000000	0.0000010	0.0000010	0.0000010	0.0000010	-0.0000010	-0.0000010	-0.0000010	-0.0000010	-0.0001910	-0.0001896	-0.0002635	-0.0002790	-0.0003440	-0.0003694	-0.0002427	-0.0002077
310.8500000	121.8700027	0.0000010	0.0000010	0.0000010	0.0000010	-0.0000010	-0.0000010	-0.0000010	-0.0000010	-0.0002057	-0.0001965	-0.0002340	-0.0002463	-0.0003438	-0.0003574	-0.0002572	-0.0002219
312.3500000	-4490.0000000	0.0000010	0.0000010	0.0000010	0.0000010	-0.0000010	-0.0000010	-0.0000010	-0.0000010	-0.0002149	-0.0002001	-0.0002069	-0.0002187	-0.0003500	-0.0003564	-0.0002695	-0.0002336
314.1500000	4678.0000000	0.0000010	0.0000010	0.0000010	0.0000010	-0.0000010	-0.0000010	-0.0000010	-0.0000010	-0.0002076	-0.0002121	-0.0002659	-0.0002619	-0.0003337	-0.0003540	-0.0002484	-0.0002074
315.7000000	121.6999969	0.0000010	0.0000010	0.0000010	0.0000010	-0.0000010	-0.0000010	-0.0000010	-0.0000010	-0.0002179	-0.0002115	-0.0002351	-0.0002353	-0.0003299	-0.0003450	-0.0002531	-0.0002187
317.2000000	-4490.0000000	0.0000010	0.0000010	0.0000010	0.0000010	-0.0000010	-0.0000010	-0.0000010	-0.0000010	-0.0002264	-0.0002151	-0.0002105	-0.0002103	-0.0003363	-0.0003424	-0.0002597	-0.0002242
319.0000000	4677.0000000	0.0000010	0.0000010	0.0000010	0.0000010	-0.0000010	-0.0000010	-0.0000010	-0.0000010	-0.0002179	-0.0002234	-0.0002617	-0.0002482	-0.0003222	-0.0003460	-0.0002508	-0.0002028
320.5000000	121.8399963	0.0000010	0.0000010	0.0000010	0.0000010	-0.0000010	-0.0000010	-0.0000010	-0.0000010	-0.0002320	-0.0002281	-0.0002364	-0.0002296	-0.0003255	-0.0003369	-0.0002537	-0.0002186
322.0500000	-4489.0000000	0.0000010	0.0000010	0.0000010	0.0000010	-0.0000010	-0.0000010	-0.0000010	-0.0000010	-0.0002433	-0.0002379	-0.0002249	-0.0002118	-0.0003344	-0.0003418	-0.0002631	-0.0002215
323.8500000	4677.0000000	0.0000010	0.0000010	0.0000010	0.0000010	-0.0000010	-0.0000010	-0.0000010	-0.0000010	-0.0002348	-0.0002436	-0.0002601	-0.0002432	-0.0003151	-0.0003360	-0.0002494	-0.0002068
325.3500000	121.7300034	0.0000010	0.0000010	0.0000010	0.0000010	-0.0000010	-0.0000010	-0.0000010	-0.0000010	-0.0002428	-0.0002432	-0.0002411	-0.0002294	-0.0003163	-0.0003312	-0.0002518	-0.0002151
326.8000000	-4490.0000000	0.0000010	0.0000010	0.0000010	0.0000010	-0.0000010	-0.0000010	-0.0000010	-0.0000010	-0.0002513	-0.0002458	-0.0002220	-0.0002073	-0.0003233	-0.0003314	-0.0002569	-0.0002120
328.6500000	4677.0000000	0.0000010	0.0000010	0.0000010	0.0000010	-0.0000010	-0.0000010	-0.0000010	-0.0000010	-0.0002398	-0.0002527	-0.0002608	-0.0002334	-0.0003068	-0.0003291	-0.0002541	-0.0002016
330.1500000	121.8000031	0.0000010	0.0000010	0.0000010	0.0000010	-0.0000010	-0.0000010	-0.0000010	-0.0000010	-0.0002514	-0.0002555	-0.0002432	-0.0002203	-0.0003122	-0.0003252	-0.0002531	-0.0002070
331.7000000	-4489.0000000	0.0000010	0.0000010	0.0000010	0.0000010	-0.0000010	-0.0000010	-0.0000010	-0.0000010	-0.0002597	-0.0002581	-0.0002275	-0.0002004	-0.0003183	-0.0003263	-0.0002527	-0.0002061
333.4500000	4677.0000000	0.0000010	0.0000010	0.0000010	0.0000010	-0.0000010	-0.0000010	-0.0000010	-0.0000010	-0.0002503	-0.0002660	-0.0002635	-0.0002276	-0.0003033	-0.0003311	-0.0002587	-0.0002018
334.9000000	121.5599976	0.0000010	0.0000010	0.0000010	0.0000010	-0.0000010	-0.0000010	-0.0000010	-0.0000010	-0.0002605	-0.0002707	-0.0002481	-0.0002125	-0.0003094	-0.0003236	-0.0002542	-0.0002056
336.5000000	-4489.0000000	0.0000010	0.0000010	0.0000010	0.0000010	-0.0000010	-0.0000010	-0.0000010	-0.0000010	-0.0002699	-0.0002663	-0.0002282	-0.0001963	-0.0003156	-0.0003216	-0.0002492	-0.0001973
338.2500000	4677.0000000	0.0000010	0.0000010	0.0000010	0.0000010	-0.0000010	-0.0000010	-0.0000010	-0.0000010	-0.0002553	-0.0002699	-0.0002615	-0.0002223	-0.0003015	-0.0003277	-0.0002568	-0.0002005
339.8000000	121.7600021	0.0000010	0.0000010	0.0000010	0.0000010	-0.0000010	-0.0000010	-0.0000010	-0.0000010	-0.0002641	-0.0002685	-0.0002432	-0.0002038	-0.0003084	-0.0003207	-0.0002511	-0.0001971
341.3000000	-4489.0000000	0.0000010	0.0000010	0.0000010	0.0000010	-0.0000010	-0.0000010	-0.0000010	-0.0000010	-0.0002771	-0.0002727	-0.0002319	-0.0001927	-0.0003201	-0.0003212	-0.0002520	-0.0001929
343.0500000	4677.0000000	0.0000010	0.0000010	0.0000010	0.0000010	-0.0000010	-0.0000010	-0.0000010	-0.0000010	-0.0002634	-0.0002804	-0.0002620	-0.0002111	-0.0002990	-0.0003256	-0.0002602	-0.0001919
344.6000000	121.6699982	0.0000010	0.0000010	0.0000010	0.0000010	-0.0000010	-0.0000010	-0.0000010	-0.0000010	-0.0002701	-0.0002768	-0.0002450	-0.0001985	-0.0003036	-0.0003183	-0.0002486	-0.0001903
346.1000000	-4489.0000000	0.0000010	0.0000010	0.0000010	0.0000010	-0.0000010	-0.0000010	-0.0000010	-0.0000010	-0.0002775	-0.0002754	-0.0002289	-0.0001804	-0.0003122	-0.0003194	-0.0002493	-0.0001820
347.9000000	4677.0000000	0.0000010	0.0000010	0.0000010	0.0000010	-0.0000010	-0.0000010	-0.0000010	-0.0000010	-0.0002640	-0.0002859	-0.0002633	-0.0002068	-0.0002999	-0.0003239	-0.0002630	-0.0001905
349.4000000	121.8099976	0.0000010	0.0000010	0.0000010	0.0000010	-0.0000010	-0.0000010	-0.0000010	-0.0000010	-0.0002730	-0.0002804	-0.0002490	-0.0001991	-0.0003017	-0.0003176	-0.0002506	-0.0001897
350.9000000	-4489.0000000	0.0000010	0.0000010	0.0000010	0.0000010	-0.0000010	-0.0000010	-0.0000010	-0.0000010	-0.0002843	-0.0002824	-0.0002327	-0.0001805	-0.0003087	-0.0003153	-0.0002459	-0.0001773
