Wed, Sep 01, 2021
3:26:49 PM

Temperature (K)	B-Field (Gauss)	sample current AB	sample current AD	sample current AC	sample current BD	sample current -AB	sample current -AD	sample current -AC	sample current -BD	Voltage CD	Voltage BC	Voltage BD	Voltage AC	Voltage -CD	Voltage -BC	Voltage -BD	Voltage -AC	
95.9800000	4712.0000000	0.0001000	0.0001000	0.0001000	0.0001000	-0.0001000	-0.0001000	-0.0001000	-0.0001000	0.0252602	0.0324612	0.1052534	0.0959042	-0.0253166	-0.0332855	-0.1067641	-0.0965439
97.2800000	122.0999985	0.0001000	0.0001000	0.0001000	0.0001000	-0.0001000	-0.0001000	-0.0001000	-0.0001000	0.0173626	0.0201149	0.0032733	-0.0025863	-0.0174304	-0.0208180	-0.0043460	0.0018905
98.5550000	-4524.0000000	0.0001000	0.0001000	0.0001000	0.0001000	-0.0001000	-0.0001000	-0.0001000	-0.0001000	0.0270686	0.0291680	-0.0962339	-0.1062410	-0.0270895	-0.0299419	0.0952708	0.1057588
100.2500000	4710.0000000	0.0001000	0.0001000	0.0001000	0.0001000	-0.0001000	-0.0001000	-0.0001000	-0.0001000	0.0271168	0.0347375	0.1060245	0.0959644	-0.0272044	-0.0355750	-0.1075416	-0.0965774
101.5250000	122.1299973	0.0001000	0.0001000	0.0001000	0.0001000	-0.0001000	-0.0001000	-0.0001000	-0.0001000	0.0188540	0.0218751	0.0035600	-0.0028294	-0.0189368	-0.0225902	-0.0046187	0.0021541
102.7950000	-4522.0000000	0.0001000	0.0001000	0.0001000	0.0001000	-0.0001000	-0.0001000	-0.0001000	-0.0001000	0.0290365	0.0314524	-0.0962377	-0.1069537	-0.0290790	-0.0322539	0.0953014	0.1065218
104.4300000	4708.0000000	0.0001000	0.0001000	0.0001000	0.0001000	-0.0001000	-0.0001000	-0.0001000	-0.0001000	0.0290724	0.0371086	0.1067598	0.0959857	-0.0292029	-0.0379666	-0.1082992	-0.0965837
105.7150000	121.8799973	0.0001000	0.0001000	0.0001000	0.0001000	-0.0001000	-0.0001000	-0.0001000	-0.0001000	0.0204138	0.0237153	0.0038334	-0.0030984	-0.0205208	-0.0244481	-0.0049012	0.0024368
106.9650000	-4520.0000000	0.0001000	0.0001000	0.0001000	0.0001000	-0.0001000	-0.0001000	-0.0001000	-0.0001000	0.0310687	0.0338287	-0.0962257	-0.1076905	-0.0311300	-0.0346567	0.0953159	0.1072928
108.6050000	4707.0000000	0.0001000	0.0001000	0.0001000	0.0001000	-0.0001000	-0.0001000	-0.0001000	-0.0001000	0.0311482	0.0396089	0.1075152	0.0959928	-0.0312900	-0.0404669	-0.1090767	-0.0965739
109.9250000	122.1999969	0.0001000	0.0001000	0.0001000	0.0001000	-0.0001000	-0.0001000	-0.0001000	-0.0001000	0.0220775	0.0256818	0.0041506	-0.0033787	-0.0222093	-0.0264421	-0.0052130	0.0027375
111.1950000	-4518.0000000	0.0001000	0.0001000	0.0001000	0.0001000	-0.0001000	-0.0001000	-0.0001000	-0.0001000	0.0332317	0.0363578	-0.0961974	-0.1084642	-0.0333148	-0.0372177	0.0953140	0.1080865
112.7800000	4705.0000000	0.0001000	0.0001000	0.0001000	0.0001000	-0.0001000	-0.0001000	-0.0001000	-0.0001000	0.0333032	0.0422042	0.1082803	0.0959720	-0.0334822	-0.0430954	-0.1098777	-0.0965514
114.1950000	121.9800034	0.0001000	0.0001000	0.0001000	0.0001000	-0.0001000	-0.0001000	-0.0001000	-0.0001000	0.0238773	0.0278160	0.0044757	-0.0037021	-0.0240273	-0.0285910	-0.0055441	0.0030617
115.5000000	-4517.0000000	0.0001000	0.0001000	0.0001000	0.0001000	-0.0001000	-0.0001000	-0.0001000	-0.0001000	0.0355262	0.0390467	-0.0961486	-0.1092704	-0.0356361	-0.0399316	0.0952943	0.1089110
117.0300000	4704.0000000	0.0001000	0.0001000	0.0001000	0.0001000	-0.0001000	-0.0001000	-0.0001000	-0.0001000	0.0356031	0.0449647	0.1090799	0.0959372	-0.0358046	-0.0458731	-0.1107130	-0.0965016
118.3200000	121.8799973	0.0001000	0.0001000	0.0001000	0.0001000	-0.0001000	-0.0001000	-0.0001000	-0.0001000	0.0257528	0.0300309	0.0048225	-0.0040309	-0.0259114	-0.0308131	-0.0058907	0.0034017
119.6100000	-4515.0000000	0.0001000	0.0001000	0.0001000	0.0001000	-0.0001000	-0.0001000	-0.0001000	-0.0001000	0.0378228	0.0417401	-0.0960713	-0.1100547	-0.0379508	-0.0426490	0.0952557	0.1097322
121.2350000	4702.0000000	0.0001000	0.0001000	0.0001000	0.0001000	-0.0001000	-0.0001000	-0.0001000	-0.0001000	0.0379924	0.0478321	0.1098851	0.0958816	-0.0382112	-0.0487634	-0.1115625	-0.0964230
122.5150000	122.0800018	0.0001000	0.0001000	0.0001000	0.0001000	-0.0001000	-0.0001000	-0.0001000	-0.0001000	0.0277487	0.0323900	0.0051952	-0.0043826	-0.0279280	-0.0331999	-0.0062778	0.0037557
123.8550000	-4514.0000000	0.0001000	0.0001000	0.0001000	0.0001000	-0.0001000	-0.0001000	-0.0001000	-0.0001000	0.0402985	0.0446559	-0.0959751	-0.1108941	-0.0404610	-0.0455998	0.0951847	0.1105950
125.5450000	4701.0000000	0.0001000	0.0001000	0.0001000	0.0001000	-0.0001000	-0.0001000	-0.0001000	-0.0001000	0.0405384	0.0508940	0.1107330	0.0957983	-0.0407795	-0.0518479	-0.1124650	-0.0963167
126.8150000	122.0599976	0.0001000	0.0001000	0.0001000	0.0001000	-0.0001000	-0.0001000	-0.0001000	-0.0001000	0.0299094	0.0349536	0.0055987	-0.0047686	-0.0301027	-0.0357729	-0.0066816	0.0041568
128.0900000	-4513.0000000	0.0001000	0.0001000	0.0001000	0.0001000	-0.0001000	-0.0001000	-0.0001000	-0.0001000	0.0428907	0.0476981	-0.0958408	-0.1117492	-0.0430619	-0.0486678	0.0950977	0.1114833
129.7600000	4700.0000000	0.0001000	0.0001000	0.0001000	0.0001000	-0.0001000	-0.0001000	-0.0001000	-0.0001000	0.0431228	0.0540022	0.1115789	0.0956909	-0.0433841	-0.0549825	-0.1133603	-0.0961791
131.0500000	121.9400024	0.0001000	0.0001000	0.0001000	0.0001000	-0.0001000	-0.0001000	-0.0001000	-0.0001000	0.0321401	0.0375937	0.0060186	-0.0051711	-0.0323467	-0.0384362	-0.0071066	0.0045717
132.3100000	-4511.0000000	0.0001000	0.0001000	0.0001000	0.0001000	-0.0001000	-0.0001000	-0.0001000	-0.0001000	0.0455413	0.0508301	-0.0956853	-0.1126130	-0.0457350	-0.0518275	0.0949767	0.1123881
133.8600000	4699.0000000	0.0001000	0.0001000	0.0001000	0.0001000	-0.0001000	-0.0001000	-0.0001000	-0.0001000	0.0457465	0.0571575	0.1124236	0.0955610	-0.0460249	-0.0581665	-0.1142654	-0.0960180
135.1250000	121.8799973	0.0001000	0.0001000	0.0001000	0.0001000	-0.0001000	-0.0001000	-0.0001000	-0.0001000	0.0344000	0.0402815	0.0064507	-0.0055837	-0.0346305	-0.0411526	-0.0075401	0.0050138
136.4150000	-4511.0000000	0.0001000	0.0001000	0.0001000	0.0001000	-0.0001000	-0.0001000	-0.0001000	-0.0001000	0.0482271	0.0540029	-0.0955107	-0.1134892	-0.0484468	-0.0550432	0.0948413	0.1133071
138.0050000	4698.0000000	0.0001000	0.0001000	0.0001000	0.0001000	-0.0001000	-0.0001000	-0.0001000	-0.0001000	0.0484619	0.0604386	0.1132879	0.0954079	-0.0487665	-0.0614844	-0.1152031	-0.0958360
139.2800000	121.8000031	0.0001000	0.0001000	0.0001000	0.0001000	-0.0001000	-0.0001000	-0.0001000	-0.0001000	0.0368058	0.0431478	0.0069117	-0.0060354	-0.0370650	-0.0440558	-0.0080109	0.0054815
140.6050000	-4509.0000000	0.0001000	0.0001000	0.0001000	0.0001000	-0.0001000	-0.0001000	-0.0001000	-0.0001000	0.0510458	0.0573377	-0.0953077	-0.1144003	-0.0512900	-0.0584222	0.0946818	0.1142762
142.1600000	4697.0000000	0.0001000	0.0001000	0.0001000	0.0001000	-0.0001000	-0.0001000	-0.0001000	-0.0001000	0.0513015	0.0638685	0.1141884	0.0952389	-0.0516316	-0.0649708	-0.1161833	-0.0956254
143.4450000	121.8899994	0.0001000	0.0001000	0.0001000	0.0001000	-0.0001000	-0.0001000	-0.0001000	-0.0001000	0.0393432	0.0461700	0.0074088	-0.0065063	-0.0396108	-0.0470927	-0.0085158	0.0059727
144.7150000	-4508.0000000	0.0001000	0.0001000	0.0001000	0.0001000	-0.0001000	-0.0001000	-0.0001000	-0.0001000	0.0539351	0.0607597	-0.0950805	-0.1153318	-0.0542092	-0.0619007	0.0945103	0.1152930
146.2850000	4695.0000000	0.0001000	0.0001000	0.0001000	0.0001000	-0.0001000	-0.0001000	-0.0001000	-0.0001000	0.0541949	0.0673862	0.1151149	0.0950648	-0.0545791	-0.0685604	-0.1171949	-0.0953790
147.5900000	121.9800034	0.0001000	0.0001000	0.0001000	0.0001000	-0.0001000	-0.0001000	-0.0001000	-0.0001000	0.0419750	0.0493155	0.0079338	-0.0069925	-0.0422588	-0.0502646	-0.0090354	0.0065116
148.9900000	-4507.0000000	0.0001000	0.0001000	0.0001000	0.0001000	-0.0001000	-0.0001000	-0.0001000	-0.0001000	0.0570238	0.0644243	-0.0948361	-0.1163331	-0.0573490	-0.0656489	0.0943183	0.1164012
150.5550000	4695.0000000	0.0001000	0.0001000	0.0001000	0.0001000	-0.0001000	-0.0001000	-0.0001000	-0.0001000	0.0573514	0.0712012	0.1160933	0.0948698	-0.0577385	-0.0724422	-0.1183022	-0.0951111
151.8500000	122.0100021	0.0001000	0.0001000	0.0001000	0.0001000	-0.0001000	-0.0001000	-0.0001000	-0.0001000	0.0448135	0.0527050	0.0084880	-0.0075367	-0.0451322	-0.0537182	-0.0096175	0.0070945
153.1700000	-4508.0000000	0.0001000	0.0001000	0.0001000	0.0001000	-0.0001000	-0.0001000	-0.0001000	-0.0001000	0.0601465	0.0681083	-0.0945809	-0.1173382	-0.0605002	-0.0694196	0.0941243	0.1175383
154.7250000	4694.0000000	0.0001000	0.0001000	0.0001000	0.0001000	-0.0001000	-0.0001000	-0.0001000	-0.0001000	0.0604745	0.0749964	0.1170676	0.0946768	-0.0608914	-0.0763302	-0.1194193	-0.0948228
156.0100000	121.7799988	0.0001000	0.0001000	0.0001000	0.0001000	-0.0001000	-0.0001000	-0.0001000	-0.0001000	0.0476656	0.0561150	0.0090512	-0.0080912	-0.0480002	-0.0571865	-0.0101964	0.0077084
157.3050000	-4506.0000000	0.0001000	0.0001000	0.0001000	0.0001000	-0.0001000	-0.0001000	-0.0001000	-0.0001000	0.0632406	0.0717676	-0.0943143	-0.1183386	-0.0636415	-0.0731927	0.0939173	0.1186964
159.0300000	4693.0000000	0.0001000	0.0001000	0.0001000	0.0001000	-0.0001000	-0.0001000	-0.0001000	-0.0001000	0.0636519	0.0788836	0.1180703	0.0944622	-0.0641154	-0.0803332	-0.1205790	-0.0944945
160.4500000	121.9499969	0.0001000	0.0001000	0.0001000	0.0001000	-0.0001000	-0.0001000	-0.0001000	-0.0001000	0.0506822	0.0597520	0.0096741	-0.0086797	-0.0510687	-0.0608929	-0.0108232	0.0083678
161.7300000	-4506.0000000	0.0001000	0.0001000	0.0001000	0.0001000	-0.0001000	-0.0001000	-0.0001000	-0.0001000	0.0665352	0.0756859	-0.0939962	-0.1194136	-0.0670085	-0.0772360	0.0937049	0.1199643
163.4400000	4692.0000000	0.0001000	0.0001000	0.0001000	0.0001000	-0.0001000	-0.0001000	-0.0001000	-0.0001000	0.0669355	0.0829210	0.1191149	0.0942351	-0.0674538	-0.0845077	-0.1217885	-0.0941423
164.7150000	122.0400009	0.0001000	0.0001000	0.0001000	0.0001000	-0.0001000	-0.0001000	-0.0001000	-0.0001000	0.0536229	0.0633063	0.0102988	-0.0092725	-0.0540743	-0.0645301	-0.0114334	0.0090315
165.9950000	-4504.0000000	0.0001000	0.0001000	0.0001000	0.0001000	-0.0001000	-0.0001000	-0.0001000	-0.0001000	0.0697142	0.0794746	-0.0936775	-0.1204601	-0.0703100	-0.0812070	0.0934852	0.1212363
167.7050000	4692.0000000	0.0001000	0.0001000	0.0001000	0.0001000	-0.0001000	-0.0001000	-0.0001000	-0.0001000	0.0701520	0.0869041	0.1201485	0.0940005	-0.0707790	-0.0886973	-0.1230136	-0.0937427
169.0550000	121.9499969	0.0001000	0.0001000	0.0001000	0.0001000	-0.0001000	-0.0001000	-0.0001000	-0.0001000	0.0567190	0.0670666	0.0109688	-0.0098888	-0.0573090	-0.0684816	-0.0121152	0.0098020
170.3900000	-4504.0000000	0.0001000	0.0001000	0.0001000	0.0001000	-0.0001000	-0.0001000	-0.0001000	-0.0001000	0.0731284	0.0835387	-0.0933171	-0.1215423	-0.0738720	-0.0855180	0.0932295	0.1226709
172.0650000	4691.0000000	0.0001000	0.0001000	0.0001000	0.0001000	-0.0001000	-0.0001000	-0.0001000	-0.0001000	0.0735871	0.0911606	0.1212334	0.0937652	-0.0743096	-0.0932032	-0.1243449	-0.0932687
173.3300000	121.8799973	0.0001000	0.0001000	0.0001000	0.0001000	-0.0001000	-0.0001000	-0.0001000	-0.0001000	0.0599711	0.0710016	0.0116515	-0.0105282	-0.0606554	-0.0725945	-0.0128327	0.0106219
174.6550000	-4504.0996094	0.0001000	0.0001000	0.0001000	0.0001000	-0.0001000	-0.0001000	-0.0001000	-0.0001000	0.0766254	0.0876989	-0.0929393	-0.1226388	-0.0775189	-0.0899429	0.0929325	0.1241354
176.3200000	4691.0000000	0.0001000	0.0001000	0.0001000	0.0001000	-0.0001000	-0.0001000	-0.0001000	-0.0001000	0.0771488	0.0955588	0.1223275	0.0934900	-0.0779431	-0.0978941	-0.1257539	-0.0927554
177.6050000	121.8600006	0.0001000	0.0001000	0.0001000	0.0001000	-0.0001000	-0.0001000	-0.0001000	-0.0001000	0.0634036	0.0751391	0.0123549	-0.0112081	-0.0641320	-0.0769000	-0.0136136	0.0114909
178.8900000	-4503.0000000	0.0001000	0.0001000	0.0001000	0.0001000	-0.0001000	-0.0001000	-0.0001000	-0.0001000	0.0801984	0.0919328	-0.0925301	-0.1237315	-0.0812348	-0.0944903	0.0925971	0.1256680
180.4550000	4691.0000000	0.0001000	0.0001000	0.0001000	0.0001000	-0.0001000	-0.0001000	-0.0001000	-0.0001000	0.0806590	0.0998996	0.1233824	0.0931813	-0.0815085	-0.1025690	-0.1271498	-0.0921890
181.7350000	121.9700012	0.0001000	0.0001000	0.0001000	0.0001000	-0.0001000	-0.0001000	-0.0001000	-0.0001000	0.0668083	0.0792542	0.0130698	-0.0118888	-0.0676122	-0.0812432	-0.0144151	0.0123830
183.0300000	-4503.0000000	0.0001000	0.0001000	0.0001000	0.0001000	-0.0001000	-0.0001000	-0.0001000	-0.0001000	0.0837362	0.0961326	-0.0920974	-0.1247945	-0.0849205	-0.0990203	0.0922161	0.1272024
184.6350000	4690.0000000	0.0001000	0.0001000	0.0001000	0.0001000	-0.0001000	-0.0001000	-0.0001000	-0.0001000	0.0842532	0.1043816	0.1244533	0.0928222	-0.0851850	-0.1074534	-0.1286126	-0.0915637
185.9050000	121.6999969	0.0001000	0.0001000	0.0001000	0.0001000	-0.0001000	-0.0001000	-0.0001000	-0.0001000	0.0703265	0.0835079	0.0137992	-0.0126079	-0.0711859	-0.0857423	-0.0152639	0.0133308
187.2150000	-4502.0000000	0.0001000	0.0001000	0.0001000	0.0001000	-0.0001000	-0.0001000	-0.0001000	-0.0001000	0.0873640	0.1004378	-0.0916108	-0.1258456	-0.0886803	-0.1036560	0.0917705	0.1287612
188.9350000	4690.0000000	0.0001000	0.0001000	0.0001000	0.0001000	-0.0001000	-0.0001000	-0.0001000	-0.0001000	0.0880428	0.1090684	0.1255187	0.0923841	-0.0889594	-0.1125182	-0.1301182	-0.0908637
190.2400000	121.8000031	0.0001000	0.0001000	0.0001000	0.0001000	-0.0001000	-0.0001000	-0.0001000	-0.0001000	0.0740197	0.0879934	0.0145937	-0.0133508	-0.0749554	-0.0905128	-0.0161907	0.0143437
191.6500000	-4501.0000000	0.0001000	0.0001000	0.0001000	0.0001000	-0.0001000	-0.0001000	-0.0001000	-0.0001000	0.0912796	0.1051069	-0.0910070	-0.1269263	-0.0927489	-0.1086590	0.0911944	0.1303768
193.2200000	4689.0000000	0.0001000	0.0001000	0.0001000	0.0001000	-0.0001000	-0.0001000	-0.0001000	-0.0001000	0.0918784	0.1138429	0.1265524	0.0918604	-0.0927770	-0.1176774	-0.1316063	-0.0901032
194.5200000	122.0199966	0.0001000	0.0001000	0.0001000	0.0001000	-0.0001000	-0.0001000	-0.0001000	-0.0001000	0.0777832	0.0925603	0.0153995	-0.0141098	-0.0787643	-0.0953226	-0.0171566	0.0153455
195.9350000	-4501.0000000	0.0001000	0.0001000	0.0001000	0.0001000	-0.0001000	-0.0001000	-0.0001000	-0.0001000	0.0950983	0.1096591	-0.0903384	-0.1279130	-0.0967024	-0.1134797	0.0905252	0.1318389
197.5600000	4688.0000000	0.0001000	0.0001000	0.0001000	0.0001000	-0.0001000	-0.0001000	-0.0001000	-0.0001000	0.0957526	0.1186854	0.1275223	0.0912633	-0.0966471	-0.1229031	-0.1330414	-0.0892535
199.0850000	121.7300034	0.0001000	0.0001000	0.0001000	0.0001000	-0.0001000	-0.0001000	-0.0001000	-0.0001000	0.0818170	0.0974581	0.0162488	-0.0149256	-0.0828451	-0.1004528	-0.0181863	0.0164065
200.5500000	-4501.0000000	0.0001000	0.0001000	0.0001000	0.0001000	-0.0001000	-0.0001000	-0.0001000	-0.0001000	0.0991553	0.1145020	-0.0895187	-0.1288623	-0.1009252	-0.1185447	0.0896660	0.1332131
202.3000000	4689.0000000	0.0001000	0.0001000	0.0001000	0.0001000	-0.0001000	-0.0001000	-0.0001000	-0.0001000	0.1001001	0.1240726	0.1284550	0.0905034	-0.1008985	-0.1285261	-0.1344247	-0.0883016
203.8000000	121.9899979	0.0001000	0.0001000	0.0001000	0.0001000	-0.0001000	-0.0001000	-0.0001000	-0.0001000	0.0860818	0.1026448	0.0171423	-0.0157645	-0.0871794	-0.1057788	-0.0192611	0.0174133
205.3000000	-4501.0000000	0.0001000	0.0001000	0.0001000	0.0001000	-0.0001000	-0.0001000	-0.0001000	-0.0001000	0.1034228	0.1195979	-0.0885370	-0.1297287	-0.1053492	-0.1236434	0.0886010	0.1342837
207.0500000	4688.0000000	0.0001000	0.0001000	0.0001000	0.0001000	-0.0001000	-0.0001000	-0.0001000	-0.0001000	0.1044776	0.1295398	0.1292278	0.0896154	-0.1052614	-0.1340792	-0.1354812	-0.0872697
208.5000000	121.9100037	0.0001000	0.0001000	0.0001000	0.0001000	-0.0001000	-0.0001000	-0.0001000	-0.0001000	0.0903486	0.1078432	0.0180239	-0.0165986	-0.0915733	-0.1110331	-0.0202105	0.0183494
210.0000000	-4500.0000000	0.0001000	0.0001000	0.0001000	0.0001000	-0.0001000	-0.0001000	-0.0001000	-0.0001000	0.1077088	0.1247094	-0.0873956	-0.1304351	-0.1098027	-0.1285501	0.0874342	0.1349128
211.7500000	4687.0000000	0.0001000	0.0001000	0.0001000	0.0001000	-0.0001000	-0.0001000	-0.0001000	-0.0001000	0.1088520	0.1350225	0.1297899	0.0885758	-0.1097062	-0.1394943	-0.1360208	-0.0861039
213.2000000	121.9599991	0.0001000	0.0001000	0.0001000	0.0001000	-0.0001000	-0.0001000	-0.0001000	-0.0001000	0.0946961	0.1131469	0.0188856	-0.0174328	-0.0960433	-0.1161989	-0.0209837	0.0191801
214.7500000	-4500.0000000	0.0001000	0.0001000	0.0001000	0.0001000	-0.0001000	-0.0001000	-0.0001000	-0.0001000	0.1119661	0.1297912	-0.0860682	-0.1309076	-0.1142278	-0.1332090	0.0862875	0.1350219
216.5000000	4687.0000000	0.0001000	0.0001000	0.0001000	0.0001000	-0.0001000	-0.0001000	-0.0001000	-0.0001000	0.1132141	0.1404450	0.1300554	0.0873636	-0.1141512	-0.1446487	-0.1359576	-0.0847794
218.0000000	121.9100037	0.0001000	0.0001000	0.0001000	0.0001000	-0.0001000	-0.0001000	-0.0001000	-0.0001000	0.0991505	0.1185204	0.0196884	-0.0182374	-0.1005151	-0.1212063	-0.0215760	0.0199065
219.5000000	-4499.0000000	0.0001000	0.0001000	0.0001000	0.0001000	-0.0001000	-0.0001000	-0.0001000	-0.0001000	0.1161976	0.1348193	-0.0845611	-0.1310665	-0.1186033	-0.1376360	0.0850934	0.1345530
221.2500000	4687.0000000	0.0001000	0.0001000	0.0001000	0.0001000	-0.0001000	-0.0001000	-0.0001000	-0.0001000	0.1175595	0.1456837	0.1299844	0.0860885	-0.1186398	-0.1494618	-0.1352432	-0.0832905
222.8000000	121.9000015	0.0001000	0.0001000	0.0001000	0.0001000	-0.0001000	-0.0001000	-0.0001000	-0.0001000	0.1033947	0.1236021	0.0203850	-0.0188502	-0.1049507	-0.1259854	-0.0219846	0.0205108
224.2000000	-4498.0000000	0.0001000	0.0001000	0.0001000	0.0001000	-0.0001000	-0.0001000	-0.0001000	-0.0001000	0.1202980	0.1395976	-0.0827762	-0.1306112	-0.1229235	-0.1418678	0.0836112	0.1335218
226.0000000	4687.0000000	0.0001000	0.0001000	0.0001000	0.0001000	-0.0001000	-0.0001000	-0.0001000	-0.0001000	0.1218200	0.1508140	0.1290893	0.0842014	-0.1230082	-0.1543324	-0.1340449	-0.0812261
227.5000000	122.0699997	0.0001000	0.0001000	0.0001000	0.0001000	-0.0001000	-0.0001000	-0.0001000	-0.0001000	0.1077436	0.1286691	0.0209503	-0.0195067	-0.1093260	-0.1308073	-0.0224777	0.0210327
229.0000000	-4499.0000000	0.0001000	0.0001000	0.0001000	0.0001000	-0.0001000	-0.0001000	-0.0001000	-0.0001000	0.1244461	0.1443102	-0.0804813	-0.1294899	-0.1270522	-0.1460848	0.0813686	0.1316891
230.7000000	4686.0000000	0.0001000	0.0001000	0.0001000	0.0001000	-0.0001000	-0.0001000	-0.0001000	-0.0001000	0.1260753	0.1556245	0.1273475	0.0816953	-0.1271722	-0.1588231	-0.1320746	-0.0786717
232.2000000	121.9100037	0.0001000	0.0001000	0.0001000	0.0001000	-0.0001000	-0.0001000	-0.0001000	-0.0001000	0.1119395	0.1334202	0.0213337	-0.0200918	-0.1134199	-0.1353233	-0.0229560	0.0214286
233.7000000	-4499.0000000	0.0001000	0.0001000	0.0001000	0.0001000	-0.0001000	-0.0001000	-0.0001000	-0.0001000	0.1282869	0.1486022	-0.0774761	-0.1273080	-0.1307300	-0.1500353	0.0780446	0.1288541
235.6500000	4686.0000000	0.0001000	0.0001000	0.0001000	0.0001000	-0.0001000	-0.0001000	-0.0001000	-0.0001000	0.1300541	0.1598401	0.1241487	0.0779928	-0.1309582	-0.1627005	-0.1287321	-0.0750194
237.2000000	121.8600006	0.0001000	0.0001000	0.0001000	0.0001000	-0.0001000	-0.0001000	-0.0001000	-0.0001000	0.1157513	0.1376236	0.0215303	-0.0206056	-0.1170262	-0.1393316	-0.0234271	0.0217628
238.7500000	-4499.0000000	0.0001000	0.0001000	0.0001000	0.0001000	-0.0001000	-0.0001000	-0.0001000	-0.0001000	0.1315103	0.1522585	-0.0726996	-0.1229712	-0.1336440	-0.1533837	0.0725755	0.1238784
240.5500000	4687.0000000	0.0001000	0.0001000	0.0001000	0.0001000	-0.0001000	-0.0001000	-0.0001000	-0.0001000	0.1329228	0.1624152	0.1182042	0.0720588	-0.1334917	-0.1651896	-0.1227781	-0.0688545
242.0500000	121.9499969	0.0001000	0.0001000	0.0001000	0.0001000	-0.0001000	-0.0001000	-0.0001000	-0.0001000	0.1181466	0.1401606	0.0214394	-0.0209539	-0.1191297	-0.1416868	-0.0236774	0.0219351
243.5500000	-4498.0000000	0.0001000	0.0001000	0.0001000	0.0001000	-0.0001000	-0.0001000	-0.0001000	-0.0001000	0.1328699	0.1540578	-0.0651692	-0.1154074	-0.1345990	-0.1548364	0.0640623	0.1153318
245.3500000	4686.0000000	0.0001000	0.0001000	0.0001000	0.0001000	-0.0001000	-0.0001000	-0.0001000	-0.0001000	0.1333927	0.1619865	0.1083093	0.0626783	-0.1335918	-0.1643821	-0.1124919	-0.0591484
246.8500000	122.0899963	0.0001000	0.0001000	0.0001000	0.0001000	-0.0001000	-0.0001000	-0.0001000	-0.0001000	0.1179725	0.1398911	0.0210393	-0.0211123	-0.1185757	-0.1408732	-0.0234569	0.0212384
248.3500000	-4498.0000000	0.0001000	0.0001000	0.0001000	0.0001000	-0.0001000	-0.0001000	-0.0001000	-0.0001000	0.1310443	0.1527437	-0.0532978	-0.1030348	-0.1321817	-0.1459919	0.0532594	0.0890937
250.1500000	4687.0000000	0.0001000	0.0001000	0.0001000	0.0001000	-0.0001000	-0.0001000	-0.0001000	-0.0001000	0.1297770	0.1566559	0.0927659	0.0486031	-0.1302132	-0.1529233	-0.0926164	-0.0523882
251.7000000	121.8000031	0.0001000	0.0001000	0.0001000	0.0001000	-0.0001000	-0.0001000	-0.0001000	-0.0001000	0.1135589	0.1349005	0.0201843	-0.0207848	-0.1140184	-0.1306444	-0.0206068	0.0138473
253.2000000	-4499.0000000	0.0001000	0.0001000	0.0001000	0.0001000	-0.0001000	-0.0001000	-0.0001000	-0.0001000	0.1241567	0.1459965	-0.0362293	-0.0844009	-0.1246533	-0.1379517	0.0355304	0.0689189
254.9500000	4686.0000000	0.0001000	0.0001000	0.0001000	0.0001000	-0.0001000	-0.0001000	-0.0001000	-0.0001000	0.1201253	0.1446195	0.0713984	0.0297512	-0.1203335	-0.1394816	-0.0700333	-0.0329973
256.5000000	121.8300018	0.0001000	0.0001000	0.0001000	0.0001000	-0.0001000	-0.0001000	-0.0001000	-0.0001000	0.1036870	0.1238088	0.0188145	-0.0197554	-0.1037252	-0.1179960	-0.0186480	0.0129777
257.9500000	-4497.0000000	0.0001000	0.0001000	0.0001000	0.0001000	-0.0001000	-0.0001000	-0.0001000	-0.0001000	0.1111635	0.1321750	-0.0164050	-0.0611551	-0.1106685	-0.1244829	0.0158056	0.0469648
259.7500000	4687.0000000	0.0001000	0.0001000	0.0001000	0.0001000	-0.0001000	-0.0001000	-0.0001000	-0.0001000	0.1045168	0.1259201	0.0477472	0.0101108	-0.1047223	-0.1203864	-0.0453125	-0.0122000
261.2500000	121.8600006	0.0001000	0.0001000	0.0001000	0.0001000	-0.0001000	-0.0001000	-0.0001000	-0.0001000	0.0889838	0.1067735	0.0166263	-0.0176211	-0.0886846	-0.1016321	-0.0157369	0.0119509
262.7500000	-4498.0000000	0.0001000	0.0001000	0.0001000	0.0001000	-0.0001000	-0.0001000	-0.0001000	-0.0001000	0.0934136	0.1118144	0.0007397	-0.0377901	-0.0922161	-0.1051786	-0.0008775	0.0262971
264.5500000	4686.0000000	0.0001000	0.0001000	0.0001000	0.0001000	-0.0001000	-0.0001000	-0.0001000	-0.0001000	0.0853765	0.1030865	0.0268572	-0.0050167	-0.0858924	-0.0978443	-0.0242079	0.0034429
266.0000000	121.7900009	0.0001000	0.0001000	0.0001000	0.0001000	-0.0001000	-0.0001000	-0.0001000	-0.0001000	0.0724634	0.0868568	0.0137103	-0.0144390	-0.0718086	-0.0823295	-0.0125224	0.0104053
267.5500000	-4498.0000000	0.0001000	0.0001000	0.0001000	0.0001000	-0.0001000	-0.0001000	-0.0001000	-0.0001000	0.0743364	0.0888133	0.0110528	-0.0192895	-0.0729677	-0.0842796	-0.0106602	0.0119260
269.3000000	4686.0000000	0.0001000	0.0001000	0.0001000	0.0001000	-0.0001000	-0.0001000	-0.0001000	-0.0001000	0.0667287	0.0804615	0.0123322	-0.0128375	-0.0673543	-0.0762677	-0.0102515	0.0116248
270.8000000	121.7300034	0.0001000	0.0001000	0.0001000	0.0001000	-0.0001000	-0.0001000	-0.0001000	-0.0001000	0.0566663	0.0676421	0.0106187	-0.0110515	-0.0562042	-0.0645628	-0.0095974	0.0086653
272.3000000	-4498.0000000	0.0001000	0.0001000	0.0001000	0.0001000	-0.0001000	-0.0001000	-0.0001000	-0.0001000	0.0572799	0.0679658	0.0147014	-0.0077729	-0.0561864	-0.0653787	-0.0141856	0.0036986
274.1000000	4685.0000000	0.0001000	0.0001000	0.0001000	0.0001000	-0.0001000	-0.0001000	-0.0001000	-0.0001000	0.0509873	0.0611872	0.0040660	-0.0149311	-0.0515814	-0.0584163	-0.0028465	0.0140740
275.6000000	121.9100037	0.0001000	0.0001000	0.0001000	0.0001000	-0.0001000	-0.0001000	-0.0001000	-0.0001000	0.0432804	0.0513793	0.0078875	-0.0082122	-0.0431956	-0.0497795	-0.0073135	0.0068366
277.1000000	-4497.0000000	0.0001000	0.0001000	0.0001000	0.0001000	-0.0001000	-0.0001000	-0.0001000	-0.0001000	0.0435310	0.0512367	0.0144556	-0.0018442	-0.0427979	-0.0500934	-0.0140963	-0.0002092
278.8500000	4680.0000000	0.0001000	0.0001000	0.0001000	0.0001000	-0.0001000	-0.0001000	-0.0001000	-0.0001000	0.0387922	0.0462294	0.0000653	-0.0140146	-0.0392390	-0.0445196	0.0005069	0.0132826
280.3500000	4680.0000000	0.0001000	0.0001000	0.0001000	0.0001000	-0.0001000	-0.0001000	-0.0001000	-0.0001000	0.0331057	0.0390407	0.0057897	-0.0061060	-0.0331037	-0.0381993	-0.0055614	0.0052023
281.8500000	4680.0000000	0.0001000	0.0001000	0.0001000	0.0001000	-0.0001000	-0.0001000	-0.0001000	-0.0001000	0.0330545	0.0386746	0.0125971	0.0007173	-0.0326234	-0.0382039	-0.0124498	-0.0018246
283.6500000	4680.0000000	0.0001000	0.0001000	0.0001000	0.0001000	-0.0001000	-0.0001000	-0.0001000	-0.0001000	0.0295562	0.0349131	-0.0016259	-0.0120229	-0.0298379	-0.0339384	0.0017389	0.0113568
285.1500000	4680.0000000	0.0001000	0.0001000	0.0001000	0.0001000	-0.0001000	-0.0001000	-0.0001000	-0.0001000	0.0253732	0.0297505	0.0042428	-0.0045975	-0.0254360	-0.0293387	-0.0042541	0.0039132
286.7000000	4680.0000000	0.0001000	0.0001000	0.0001000	0.0001000	-0.0001000	-0.0001000	-0.0001000	-0.0001000	0.0251667	0.0293486	0.0103757	0.0016066	-0.0249956	-0.0292266	-0.0103935	-0.0023296
288.4500000	4680.0000000	0.0001000	0.0001000	0.0001000	0.0001000	-0.0001000	-0.0001000	-0.0001000	-0.0001000	0.0225956	0.0265138	-0.0021490	-0.0098879	-0.0228804	-0.0260689	0.0020053	0.0092635
289.9500000	4680.0000000	0.0001000	0.0001000	0.0001000	0.0001000	-0.0001000	-0.0001000	-0.0001000	-0.0001000	0.0195260	0.0227924	0.0031181	-0.0035097	-0.0196682	-0.0226738	-0.0032897	0.0029271
291.5000000	4680.0000000	0.0001000	0.0001000	0.0001000	0.0001000	-0.0001000	-0.0001000	-0.0001000	-0.0001000	0.0193133	0.0224751	0.0083212	0.0017575	-0.0193082	-0.0225100	-0.0084491	-0.0023118
293.2500000	4680.0000000	0.0001000	0.0001000	0.0001000	0.0001000	-0.0001000	-0.0001000	-0.0001000	-0.0001000	0.0174205	0.0203402	-0.0021600	-0.0079815	-0.0177040	-0.0201717	0.0018753	0.0073824
294.7000000	4680.0000000	0.0001000	0.0001000	0.0001000	0.0001000	-0.0001000	-0.0001000	-0.0001000	-0.0001000	0.0152275	0.0176857	0.0023150	-0.0027234	-0.0153665	-0.0176852	-0.0025836	0.0022170
296.2000000	4680.0000000	0.0001000	0.0001000	0.0001000	0.0001000	-0.0001000	-0.0001000	-0.0001000	-0.0001000	0.0149141	0.0173302	0.0065808	0.0016086	-0.0150577	-0.0175088	-0.0067969	-0.0020702
298.0500000	4680.0000000	0.0001000	0.0001000	0.0001000	0.0001000	-0.0001000	-0.0001000	-0.0001000	-0.0001000	0.0135366	0.0157342	-0.0019578	-0.0064006	-0.0138303	-0.0157806	0.0015830	0.0058531
299.5000000	4680.0000000	0.0001000	0.0001000	0.0001000	0.0001000	-0.0001000	-0.0001000	-0.0001000	-0.0001000	0.0118041	0.0137071	0.0017218	-0.0021422	-0.0120856	-0.0138870	-0.0020440	0.0016642
301.1000000	4680.0000000	0.0001000	0.0001000	0.0001000	0.0001000	-0.0001000	-0.0001000	-0.0001000	-0.0001000	0.0115781	0.0134415	0.0051624	0.0013610	-0.0118219	-0.0136966	-0.0054332	-0.0017773
302.8500000	4680.0000000	0.0001000	0.0001000	0.0001000	0.0001000	-0.0001000	-0.0001000	-0.0001000	-0.0001000	0.0105498	0.0122195	-0.0016935	-0.0051036	-0.0108649	-0.0123872	0.0012850	0.0045876
304.4500000	4680.0000000	0.0001000	0.0001000	0.0001000	0.0001000	-0.0001000	-0.0001000	-0.0001000	-0.0001000	0.0092320	0.0107018	0.0012813	-0.0017025	-0.0095572	-0.0109657	-0.0016361	0.0012506
305.9500000	4680.0000000	0.0001000	0.0001000	0.0001000	0.0001000	-0.0001000	-0.0001000	-0.0001000	-0.0001000	0.0090440	0.0104912	0.0040367	0.0011037	-0.0093441	-0.0107932	-0.0043363	-0.0014929
307.8000000	4680.0000000	0.0001000	0.0001000	0.0001000	0.0001000	-0.0001000	-0.0001000	-0.0001000	-0.0001000	0.0082523	0.0095415	-0.0014384	-0.0040752	-0.0086102	-0.0098145	0.0010081	0.0035894
309.3000000	4680.0000000	0.0001000	0.0001000	0.0001000	0.0001000	-0.0001000	-0.0001000	-0.0001000	-0.0001000	0.0072616	0.0084045	0.0009443	-0.0013722	-0.0076211	-0.0087253	-0.0013328	0.0009308
310.8000000	4680.0000000	0.0001000	0.0001000	0.0001000	0.0001000	-0.0001000	-0.0001000	-0.0001000	-0.0001000	0.0071035	0.0082399	0.0031493	0.0008683	-0.0074594	-0.0085862	-0.0034769	-0.0012556
312.6500000	4680.0000000	0.0001000	0.0001000	0.0001000	0.0001000	-0.0001000	-0.0001000	-0.0001000	-0.0001000	0.0065094	0.0075074	-0.0012134	-0.0032693	-0.0068892	-0.0078411	0.0007752	0.0028091
314.1500000	4680.0000000	0.0001000	0.0001000	0.0001000	0.0001000	-0.0001000	-0.0001000	-0.0001000	-0.0001000	0.0057494	0.0066469	0.0007040	-0.0011232	-0.0061378	-0.0070179	-0.0010974	0.0007044
315.6500000	4680.0000000	0.0001000	0.0001000	0.0001000	0.0001000	-0.0001000	-0.0001000	-0.0001000	-0.0001000	0.0056160	0.0065181	0.0024627	0.0006681	-0.0060175	-0.0069059	-0.0028160	-0.0010434
317.5000000	4680.0000000	0.0001000	0.0001000	0.0001000	0.0001000	-0.0001000	-0.0001000	-0.0001000	-0.0001000	0.0051667	0.0059532	-0.0010210	-0.0026451	-0.0055721	-0.0063344	0.0005798	0.0022023
319.0000000	4680.0000000	0.0001000	0.0001000	0.0001000	0.0001000	-0.0001000	-0.0001000	-0.0001000	-0.0001000	0.0045740	0.0052951	0.0005157	-0.0009322	-0.0049955	-0.0056956	-0.0009204	0.0005284
320.5000000	4680.0000000	0.0001000	0.0001000	0.0001000	0.0001000	-0.0001000	-0.0001000	-0.0001000	-0.0001000	0.0044715	0.0051873	0.0019277	0.0005077	-0.0048924	-0.0056005	-0.0022875	-0.0008671
322.3000000	4680.0000000	0.0001000	0.0001000	0.0001000	0.0001000	-0.0001000	-0.0001000	-0.0001000	-0.0001000	0.0041245	0.0047502	-0.0008639	-0.0021515	-0.0045397	-0.0051585	0.0004221	0.0017341
323.8500000	4680.0000000	0.0001000	0.0001000	0.0001000	0.0001000	-0.0001000	-0.0001000	-0.0001000	-0.0001000	0.0036629	0.0042381	0.0003758	-0.0007801	-0.0040993	-0.0046632	-0.0007789	0.0003904
325.3500000	4680.0000000	0.0001000	0.0001000	0.0001000	0.0001000	-0.0001000	-0.0001000	-0.0001000	-0.0001000	0.0035686	0.0041476	0.0015092	0.0003787	-0.0040111	-0.0045799	-0.0018800	-0.0007248
327.1500000	4680.0000000	0.0001000	0.0001000	0.0001000	0.0001000	-0.0001000	-0.0001000	-0.0001000	-0.0001000	0.0032995	0.0037989	-0.0007398	-0.0017653	-0.0037345	-0.0042389	0.0002941	0.0013630
328.6500000	4680.0000000	0.0001000	0.0001000	0.0001000	0.0001000	-0.0001000	-0.0001000	-0.0001000	-0.0001000	0.0029394	0.0034032	0.0002599	-0.0006680	-0.0033949	-0.0038545	-0.0006748	0.0002867
330.2000000	4680.0000000	0.0001000	0.0001000	0.0001000	0.0001000	-0.0001000	-0.0001000	-0.0001000	-0.0001000	0.0028555	0.0033249	0.0011755	0.0002714	-0.0033254	-0.0037841	-0.0015598	-0.0006160
332.0000000	4680.0000000	0.0001000	0.0001000	0.0001000	0.0001000	-0.0001000	-0.0001000	-0.0001000	-0.0001000	0.0026519	0.0030516	-0.0006408	-0.0014608	-0.0031018	-0.0035152	0.0001874	0.0010696
333.5000000	4680.0000000	0.0001000	0.0001000	0.0001000	0.0001000	-0.0001000	-0.0001000	-0.0001000	-0.0001000	0.0023657	0.0027415	0.0001719	-0.0005744	-0.0028307	-0.0032122	-0.0005929	0.0002021
335.0000000	4680.0000000	0.0001000	0.0001000	0.0001000	0.0001000	-0.0001000	-0.0001000	-0.0001000	-0.0001000	0.0022950	0.0026790	0.0009133	0.0001870	-0.0027766	-0.0031556	-0.0013050	-0.0005226
336.8500000	4680.0000000	0.0001000	0.0001000	0.0001000	0.0001000	-0.0001000	-0.0001000	-0.0001000	-0.0001000	0.0021386	0.0024590	-0.0005606	-0.0012193	-0.0025963	-0.0029419	0.0001090	0.0008402
338.3000000	121.7900009	0.0001000	0.0001000	0.0001000	0.0001000	-0.0001000	-0.0001000	-0.0001000	-0.0001000	0.0019047	0.0022146	0.0001017	-0.0005007	-0.0023839	-0.0026999	-0.0005261	0.0001367
339.8000000	-4497.0000000	0.0001000	0.0001000	0.0001000	0.0001000	-0.0001000	-0.0001000	-0.0001000	-0.0001000	0.0018485	0.0021614	0.0007108	0.0001227	-0.0023447	-0.0026557	-0.0011066	-0.0004577
341.7000000	4685.0000000	0.0001000	0.0001000	0.0001000	0.0001000	-0.0001000	-0.0001000	-0.0001000	-0.0001000	0.0017146	0.0019737	-0.0004975	-0.0010249	-0.0021866	-0.0024725	0.0000432	0.0006571
343.2000000	121.7300034	0.0001000	0.0001000	0.0001000	0.0001000	-0.0001000	-0.0001000	-0.0001000	-0.0001000	0.0015404	0.0017877	0.0000476	-0.0004307	-0.0020209	-0.0022832	-0.0004688	0.0000909
344.7500000	-4497.0000000	0.0001000	0.0001000	0.0001000	0.0001000	-0.0001000	-0.0001000	-0.0001000	-0.0001000	0.0014788	0.0017397	0.0005416	0.0000769	-0.0019853	-0.0022440	-0.0009448	-0.0003918
346.5500000	4686.0000000	0.0001000	0.0001000	0.0001000	0.0001000	-0.0001000	-0.0001000	-0.0001000	-0.0001000	0.0013826	0.0015939	-0.0004464	-0.0008649	-0.0018632	-0.0021073	-0.0000109	0.0005144
348.1000000	121.8700027	0.0001000	0.0001000	0.0001000	0.0001000	-0.0001000	-0.0001000	-0.0001000	-0.0001000	0.0012297	0.0014377	-0.0000020	-0.0003857	-0.0017328	-0.0019537	-0.0004284	0.0000500
349.6000000	120.8499985	0.0001000	0.0001000	0.0001000	0.0001000	-0.0001000	-0.0001000	-0.0001000	-0.0001000	0.0011832	0.0014035	0.0004084	0.0000369	-0.0017078	-0.0019184	-0.0008158	-0.0003419
