Thu, Sep 02, 2021
1:30:37 PM

Temperature (K)	B-Field (Gauss)	sample current AB	sample current AD	sample current AC	sample current BD	sample current -AB	sample current -AD	sample current -AC	sample current -BD	Voltage CD	Voltage BC	Voltage BD	Voltage AC	Voltage -CD	Voltage -BC	Voltage -BD	Voltage -AC	
95.8800000	4705.0000000	0.0006798	0.0007052	0.0006782	0.0006196	-0.0006753	-0.0007005	-0.0006739	-0.0006167	0.1831531	0.2438754	0.7231634	0.5986824	-0.1828194	-0.2454804	-0.7218143	-0.5934649
97.1550000	122.2200012	0.0009000	0.0009000	0.0009000	0.0009000	-0.0009000	-0.0009000	-0.0009000	-0.0009000	0.1664796	0.1956926	0.0360455	-0.0217904	-0.1686596	-0.1981301	-0.0366725	0.0217012
98.4150000	-4519.0000000	0.0006600	0.0006844	0.0006579	0.0006009	-0.0006567	-0.0006788	-0.0006550	-0.0005965	0.1877141	0.2139743	-0.6315572	-0.6414486	-0.1895705	-0.2139149	0.6295580	0.6376914
99.9750000	4703.0000000	0.0006469	0.0006707	0.0006450	0.0005883	-0.0006422	-0.0006661	-0.0006406	-0.0005853	0.1856954	0.2464528	0.6921598	0.5684240	-0.1854491	-0.2479684	-0.6906255	-0.5633306
101.2450000	122.1200027	0.0009000	0.0009000	0.0009000	0.0009000	-0.0009000	-0.0009000	-0.0009000	-0.0009000	0.1795785	0.2110581	0.0383628	-0.0239611	-0.1818565	-0.2136347	-0.0390500	0.0239531
102.4800000	-4517.0000000	0.0006272	0.0006503	0.0006250	0.0005702	-0.0006241	-0.0006449	-0.0006221	-0.0005659	0.1901978	0.2176522	-0.5999081	-0.6124566	-0.1920215	-0.2176099	0.5978948	0.6088604
104.0900000	4701.0000000	0.0006145	0.0006371	0.0006125	0.0005580	-0.0006101	-0.0006327	-0.0006083	-0.0005550	0.1881893	0.2488002	0.6615416	0.5390263	-0.1879714	-0.2502151	-0.6601365	-0.5341253
105.3800000	122.1299973	0.0009000	0.0009000	0.0009000	0.0008700	-0.0009000	-0.0009000	-0.0009000	-0.0008629	0.1937350	0.2278264	0.0409816	-0.0255403	-0.1962129	-0.2305648	-0.0416903	0.0253609
106.6550000	-4514.0000000	0.0005951	0.0006170	0.0005928	0.0005403	-0.0005922	-0.0006119	-0.0005901	-0.0005362	0.1924910	0.2211328	-0.5689675	-0.5842046	-0.1942902	-0.2210915	0.5669400	0.5806980
108.2700000	4700.0000000	0.0005828	0.0006041	0.0005807	0.0005284	-0.0005787	-0.0005999	-0.0005766	-0.0005256	0.1905385	0.2509408	0.6314725	0.5102895	-0.1903562	-0.2522851	-0.6302528	-0.5056658
109.5500000	122.0100021	0.0009000	0.0009000	0.0008982	0.0008079	-0.0008946	-0.0009000	-0.0008914	-0.0008014	0.2090204	0.2458029	0.0435474	-0.0260654	-0.2099875	-0.2486942	-0.0439884	0.0259016
110.9150000	-4513.0000000	0.0005639	0.0005846	0.0005616	0.0005113	-0.0005612	-0.0005798	-0.0005590	-0.0005073	0.1946177	0.2244172	-0.5387707	-0.5567026	-0.1964073	-0.2243654	0.5367599	0.5533325
112.4450000	4697.0000000	0.0005526	0.0005729	0.0005506	0.0005005	-0.0005490	-0.0005691	-0.0005469	-0.0004979	0.1926750	0.2528353	0.6029584	0.4831801	-0.1925033	-0.2541130	-0.6020449	-0.4788935
113.7050000	121.9700012	0.0008386	0.0008696	0.0008357	0.0007518	-0.0008326	-0.0008617	-0.0008295	-0.0007459	0.2092367	0.2553020	0.0432251	-0.0265968	-0.2102008	-0.2558042	-0.0436993	0.0264449
115.0450000	-4511.0000000	0.0005354	0.0005551	0.0005332	0.0004849	-0.0005330	-0.0005505	-0.0005306	-0.0004812	0.1964739	0.2273321	-0.5111696	-0.5316518	-0.1982407	-0.2272501	0.5092728	0.5284659
116.5800000	4697.0000000	0.0005248	0.0005440	0.0005228	0.0004748	-0.0005214	-0.0005403	-0.0005191	-0.0004722	0.1945847	0.2544711	0.5764533	0.4580187	-0.1944197	-0.2557145	-0.5756632	-0.4538948
117.9000000	121.8799973	0.0007814	0.0008103	0.0007787	0.0007006	-0.0007759	-0.0008029	-0.0007727	-0.0006949	0.2094400	0.2556355	0.0429571	-0.0270927	-0.2104090	-0.2561319	-0.0434563	0.0269572
119.1700000	-4510.0000000	0.0005082	0.0005269	0.0005061	0.0004599	-0.0005061	-0.0005227	-0.0005036	-0.0004564	0.1981647	0.2300175	-0.4848248	-0.5077595	-0.1999299	-0.2299292	0.4829888	0.5047294
120.7950000	4695.0000000	0.0004981	0.0005163	0.0004961	0.0004501	-0.0004949	-0.0005128	-0.0004926	-0.0004477	0.1963480	0.2559504	0.5509502	0.4338803	-0.1961792	-0.2571516	-0.5503224	-0.4299918
122.0600000	121.9100037	0.0007286	0.0007556	0.0007260	0.0006533	-0.0007237	-0.0007488	-0.0007205	-0.0006481	0.2096544	0.2559698	0.0427204	-0.0275504	-0.2106063	-0.2564610	-0.0432895	0.0274177
123.4450000	-4508.0000000	0.0004822	0.0004999	0.0004801	0.0004359	-0.0004801	-0.0004958	-0.0004776	-0.0004325	0.1997212	0.2325304	-0.4594299	-0.4847395	-0.2014855	-0.2324450	0.4575356	0.4817736
124.9200000	4693.0000000	0.0004726	0.0004899	0.0004709	0.0004272	-0.0004703	-0.0004874	-0.0004681	-0.0004252	0.1979686	0.2572652	0.5269686	0.4113874	-0.1977445	-0.2584152	-0.5269774	-0.4080250
126.1750000	121.9599991	0.0006811	0.0007063	0.0006787	0.0006107	-0.0006767	-0.0007001	-0.0006736	-0.0006060	0.2098514	0.2562875	0.0425167	-0.0279858	-0.2108029	-0.2567878	-0.0431456	0.0278606
127.4050000	-4507.0000000	0.0004587	0.0004756	0.0004567	0.0004144	-0.0004569	-0.0004718	-0.0004544	-0.0004112	0.2010619	0.2347323	-0.4365982	-0.4641263	-0.2028360	-0.2346434	0.4348290	0.4613723
129.0500000	4691.0000000	0.0004499	0.0004661	0.0004478	0.0004057	-0.0004469	-0.0004630	-0.0004445	-0.0004034	0.1993570	0.2583857	0.5046151	0.3901251	-0.1992010	-0.2595702	-0.5042865	-0.3866473
130.3300000	121.8300018	0.0006368	0.0006604	0.0006346	0.0005711	-0.0006328	-0.0006547	-0.0006298	-0.0005667	0.2100475	0.2566090	0.0423350	-0.0284157	-0.2110071	-0.2571273	-0.0430207	0.0283175
131.5800000	-4505.0000000	0.0004359	0.0004519	0.0004340	0.0003936	-0.0004343	-0.0004484	-0.0004317	-0.0003905	0.2023079	0.2368243	-0.4143045	-0.4440249	-0.2041206	-0.2367451	0.4125653	0.4413754
133.1900000	4690.0000000	0.0004277	0.0004431	0.0004257	0.0003854	-0.0004250	-0.0004402	-0.0004226	-0.0003833	0.2006601	0.2594035	0.4833051	0.3700583	-0.2005269	-0.2605949	-0.4831322	-0.3667999
134.4500000	121.9000015	0.0005967	0.0006187	0.0005946	0.0005351	-0.0005931	-0.0006135	-0.0005900	-0.0005309	0.2102370	0.2569281	0.0422056	-0.0288032	-0.2112190	-0.2574650	-0.0429225	0.0287460
135.7600000	-4504.0000000	0.0004146	0.0004297	0.0004127	0.0003740	-0.0004131	-0.0004264	-0.0004105	-0.0003712	0.2034294	0.2387419	-0.3933249	-0.4251408	-0.2052921	-0.2386719	0.3916673	0.4226488
137.3150000	4690.0000000	0.0004070	0.0004216	0.0004051	0.0003666	-0.0004045	-0.0004189	-0.0004020	-0.0003645	0.2018193	0.2602899	0.4633889	0.3513420	-0.2017224	-0.2615100	-0.4633050	-0.3482147
138.6950000	122.0199966	0.0005589	0.0005794	0.0005569	0.0005012	-0.0005555	-0.0005746	-0.0005526	-0.0004973	0.2104129	0.2572413	0.0420917	-0.0291887	-0.2114336	-0.2578149	-0.0428274	0.0291713
139.9750000	-4503.0000000	0.0003942	0.0004086	0.0003924	0.0003555	-0.0003929	-0.0004054	-0.0003903	-0.0003528	0.2044439	0.2405118	-0.3733588	-0.4071878	-0.2063837	-0.2404723	0.3717613	0.4048505
141.5250000	4689.0000000	0.0003871	0.0004009	0.0003853	0.0003484	-0.0003848	-0.0003984	-0.0003823	-0.0003464	0.2029052	0.2610868	0.4442119	0.3333589	-0.2028277	-0.2623493	-0.4442147	-0.3304082
142.8250000	122.0100021	0.0005248	0.0005441	0.0005230	0.0004707	-0.0005218	-0.0005397	-0.0005189	-0.0004671	0.2105914	0.2575372	0.0419866	-0.0295432	-0.2116400	-0.2581549	-0.0427355	0.0295825
144.0850000	-4502.0000000	0.0003754	0.0003891	0.0003738	0.0003384	-0.0003742	-0.0003861	-0.0003716	-0.0003358	0.2053481	0.2420897	-0.3549605	-0.3906421	-0.2073520	-0.2420870	0.3534178	0.3884882
145.6850000	4688.0000000	0.0003686	0.0003817	0.0003669	0.0003315	-0.0003664	-0.0003792	-0.0003639	-0.0003296	0.2038786	0.2617687	0.4263415	0.3166370	-0.2038293	-0.2630972	-0.4263839	-0.3138005
146.9550000	122.1999969	0.0004933	0.0005114	0.0004917	0.0004425	-0.0004906	-0.0005072	-0.0004876	-0.0004389	0.2107650	0.2578128	0.0419079	-0.0298602	-0.2118533	-0.2585030	-0.0426700	0.0299574
148.2550000	-4501.0000000	0.0003575	0.0003705	0.0003559	0.0003220	-0.0003563	-0.0003675	-0.0003537	-0.0003195	0.2061801	0.2435449	-0.3373042	-0.3747351	-0.2082628	-0.2436179	0.3357825	0.3727674
149.8100000	4687.0000000	0.0003510	0.0003634	0.0003494	0.0003156	-0.0003489	-0.0003611	-0.0003465	-0.0003137	0.2047897	0.2623616	0.4093670	0.3008201	-0.2047302	-0.2638001	-0.4095191	-0.2981175
151.1200000	121.9599991	0.0004636	0.0004806	0.0004622	0.0004159	-0.0004612	-0.0004768	-0.0004584	-0.0004127	0.2109374	0.2580862	0.0418027	-0.0302099	-0.2120554	-0.2588720	-0.0425695	0.0303843
152.4050000	-4499.0000000	0.0003407	0.0003531	0.0003393	0.0003069	-0.0003398	-0.0003504	-0.0003373	-0.0003045	0.2069054	0.2448652	-0.3209454	-0.3600608	-0.2090647	-0.2450289	0.3195495	0.3583722
154.1000000	4686.0000000	0.0003345	0.0003464	0.0003331	0.0003007	-0.0003327	-0.0003442	-0.0003303	-0.0002989	0.2055991	0.2628823	0.3935753	0.2860788	-0.2055321	-0.2644855	-0.3938919	-0.2835304
155.3800000	121.8600006	0.0004370	0.0004530	0.0004358	0.0003922	-0.0004350	-0.0004496	-0.0004324	-0.0003892	0.2110957	0.2583592	0.0417528	-0.0305447	-0.2122447	-0.2592573	-0.0425384	0.0307809
156.6550000	-4499.0000000	0.0003254	0.0003372	0.0003242	0.0002930	-0.0003246	-0.0003347	-0.0003222	-0.0002908	0.2075406	0.2460358	-0.3059903	-0.3466689	-0.2097807	-0.2462950	0.3046949	0.3452632
158.2700000	4685.0000000	0.0003203	0.0003316	0.0003190	0.0002879	-0.0003186	-0.0003295	-0.0003164	-0.0002862	0.2062921	0.2632971	0.3798422	0.2733229	-0.2062011	-0.2650221	-0.3803700	-0.2709430
159.5200000	121.8300018	0.0004147	0.0004299	0.0004137	0.0003721	-0.0004129	-0.0004265	-0.0004102	-0.0003692	0.2112417	0.2585850	0.0416796	-0.0308431	-0.2124115	-0.2596073	-0.0425178	0.0311291
160.8450000	-4499.0000000	0.0003121	0.0003234	0.0003110	0.0002810	-0.0003114	-0.0003210	-0.0003090	-0.0002788	0.2080647	0.2470123	-0.2929878	-0.3349970	-0.2103972	-0.2473868	0.2917006	0.3338498
162.3950000	4684.0000000	0.0003074	0.0003182	0.0003062	0.0002762	-0.0003059	-0.0003162	-0.0003036	-0.0002746	0.2068824	0.2636481	0.3674389	0.2618294	-0.2067774	-0.2655296	-0.3680660	-0.2594140
163.6750000	121.7600021	0.0003939	0.0004083	0.0003930	0.0003535	-0.0003923	-0.0004052	-0.0003898	-0.0003509	0.2113526	0.2588109	0.0416581	-0.0310726	-0.2125694	-0.2599530	-0.0425311	0.0315118
164.9600000	-4497.0000000	0.0002996	0.0003105	0.0002986	0.0002697	-0.0002989	-0.0003080	-0.0002965	-0.0002675	0.2085063	0.2479180	-0.2807184	-0.3239839	-0.2109654	-0.2484015	0.2794233	0.3230965
166.5350000	4684.0000000	0.0002950	0.0003053	0.0002939	0.0002650	-0.0002935	-0.0003033	-0.0002913	-0.0002633	0.2074022	0.2639448	0.3554673	0.2507469	-0.2073237	-0.2660297	-0.3561624	-0.2481990
167.8250000	121.8300018	0.0003741	0.0003876	0.0003732	0.0003357	-0.0003725	-0.0003846	-0.0003700	-0.0003329	0.2114337	0.2590176	0.0416639	-0.0312813	-0.2127337	-0.2603029	-0.0425380	0.0319501
169.1500000	-4497.0000000	0.0002870	0.0002974	0.0002861	0.0002583	-0.0002864	-0.0002950	-0.0002840	-0.0002561	0.2088932	0.2487852	-0.2683852	-0.3129147	-0.2115233	-0.2493939	0.2671141	0.3123493
170.8650000	4683.0000000	0.0002822	0.0002920	0.0002812	0.0002533	-0.0002806	-0.0002899	-0.0002784	-0.0002516	0.2078923	0.2642065	0.3430941	0.2393058	-0.2078554	-0.2665486	-0.3437732	-0.2364732
172.2850000	121.9300003	0.0003532	0.0003659	0.0003525	0.0003169	-0.0003517	-0.0003630	-0.0003493	-0.0003143	0.2114982	0.2592129	0.0416792	-0.0314639	-0.2129009	-0.2606916	-0.0425586	0.0324176
173.5850000	-4496.0000000	0.0002740	0.0002839	0.0002733	0.0002466	-0.0002735	-0.0002816	-0.0002712	-0.0002444	0.2092520	0.2496383	-0.2556762	-0.3014802	-0.2120872	-0.2503835	0.2544645	0.3013377
175.2900000	4683.0000000	0.0002693	0.0002786	0.0002684	0.0002418	-0.0002679	-0.0002766	-0.0002658	-0.0002401	0.2083644	0.2644278	0.3307527	0.2279564	-0.2083469	-0.2670532	-0.3315937	-0.2249985
176.6900000	121.9599991	0.0003338	0.0003458	0.0003332	0.0002995	-0.0003324	-0.0003430	-0.0003301	-0.0002970	0.2115542	0.2593830	0.0416706	-0.0316577	-0.2130676	-0.2610532	-0.0425448	0.0328801
177.9850000	-4496.0000000	0.0002617	0.0002711	0.0002610	0.0002354	-0.0002611	-0.0002688	-0.0002589	-0.0002333	0.2095604	0.2504107	-0.2435334	-0.2905381	-0.2126242	-0.2512749	0.2424206	0.2908638
179.5600000	4683.0000000	0.0002576	0.0002664	0.0002569	0.0002312	-0.0002562	-0.0002645	-0.0002542	-0.0002296	0.2087398	0.2645701	0.3194980	0.2175850	-0.2087540	-0.2674932	-0.3203872	-0.2144298
180.8400000	121.8600006	0.0003166	0.0003280	0.0003163	0.0002841	-0.0003154	-0.0003253	-0.0003132	-0.0002818	0.2115764	0.2595120	0.0416926	-0.0317889	-0.2132135	-0.2613637	-0.0425313	0.0333211
182.1350000	-4495.0000000	0.0002507	0.0002597	0.0002502	0.0002255	-0.0002502	-0.0002575	-0.0002481	-0.0002235	0.2097609	0.2510486	-0.2327334	-0.2808028	-0.2131053	-0.2519956	0.2317372	0.2815377
183.8650000	4681.0000000	0.0002465	0.0002549	0.0002459	0.0002212	-0.0002452	-0.0002531	-0.0002433	-0.0002196	0.2090350	0.2646419	0.3088455	0.2077923	-0.2091077	-0.2678912	-0.3097278	-0.2043275
185.2850000	121.8600006	0.0002997	0.0003104	0.0002995	0.0002689	-0.0002985	-0.0003078	-0.0002965	-0.0002667	0.2115489	0.2596001	0.0417210	-0.0319022	-0.2133564	-0.2616407	-0.0424933	0.0337772
186.5500000	-4495.0000000	0.0002396	0.0002483	0.0002393	0.0002155	-0.0002391	-0.0002461	-0.0002372	-0.0002136	0.2099085	0.2516384	-0.2217994	-0.2709242	-0.2135814	-0.2526309	0.2210106	0.2721596
188.1450000	4681.0000000	0.0002361	0.0002441	0.0002357	0.0002118	-0.0002348	-0.0002423	-0.0002330	-0.0002103	0.2092517	0.2646331	0.2987537	0.1985350	-0.2093839	-0.2682112	-0.2996125	-0.1947981
189.5750000	121.8000031	0.0002845	0.0002946	0.0002845	0.0002553	-0.0002834	-0.0002922	-0.0002815	-0.0002532	0.2114828	0.2596360	0.0417806	-0.0319646	-0.2134693	-0.2618283	-0.0424329	0.0341740
190.8800000	-4494.0000000	0.0002296	0.0002378	0.0002295	0.0002064	-0.0002291	-0.0002357	-0.0002273	-0.0002046	0.2099800	0.2521303	-0.2116999	-0.2618094	-0.2140042	-0.2530713	0.2111505	0.2634369
192.5600000	4680.0000000	0.0002259	0.0002335	0.0002257	0.0002026	-0.0002247	-0.0002318	-0.0002231	-0.0002013	0.2094082	0.2645449	0.2888590	0.1894693	-0.2095943	-0.2684448	-0.2896740	-0.1855200
193.8650000	121.7399979	0.0002704	0.0002800	0.0002706	0.0002426	-0.0002693	-0.0002776	-0.0002676	-0.0002406	0.2113812	0.2596332	0.0418699	-0.0320085	-0.2135590	-0.2619074	-0.0423383	0.0345091
195.2900000	-4494.0000000	0.0002198	0.0002277	0.0002199	0.0001976	-0.0002194	-0.0002257	-0.0002177	-0.0001960	0.2099783	0.2525652	-0.2017271	-0.2528577	-0.2143963	-0.2533240	0.2015875	0.2548712
196.8450000	4681.0000000	0.0002168	0.0002240	0.0002167	0.0001944	-0.0002156	-0.0002225	-0.0002141	-0.0001932	0.2094985	0.2643962	0.2798368	0.1811846	-0.2097379	-0.2685384	-0.2804866	-0.1770388
198.2950000	121.9400024	0.0002571	0.0002661	0.0002575	0.0002307	-0.0002560	-0.0002639	-0.0002544	-0.0002288	0.2112423	0.2596028	0.0420174	-0.0320621	-0.2136151	-0.2618367	-0.0421685	0.0347294
199.7950000	-4493.0000000	0.0002108	0.0002183	0.0002110	0.0001895	-0.0002103	-0.0002163	-0.0002088	-0.0001879	0.2099272	0.2529711	-0.1922273	-0.2444383	-0.2147273	-0.2533297	0.1925151	0.2464928
201.5000000	4680.0000000	0.0002077	0.0002144	0.0002077	0.0001861	-0.0002064	-0.0002130	-0.0002051	-0.0001849	0.2095310	0.2641864	0.2705680	0.1726183	-0.2098358	-0.2684456	-0.2708012	-0.1682877
203.1000000	121.8399963	0.0002439	0.0002524	0.0002445	0.0002189	-0.0002429	-0.0002504	-0.0002416	-0.0002172	0.2110449	0.2595479	0.0422298	-0.0321782	-0.2136421	-0.2615665	-0.0418311	0.0348373
204.5500000	-4494.0000000	0.0002018	0.0002089	0.0002022	0.0001814	-0.0002014	-0.0002071	-0.0002000	-0.0001800	0.2098075	0.2533947	-0.1823875	-0.2359213	-0.2150057	-0.2530859	0.1834415	0.2378254
206.4500000	4680.0000000	0.0001987	0.0002050	0.0001989	0.0001780	-0.0001975	-0.0002039	-0.0001963	-0.0001771	0.2094799	0.2639258	0.2613276	0.1640130	-0.2098805	-0.2681236	-0.2609493	-0.1595564
207.9500000	121.8799973	0.0002315	0.0002393	0.0002321	0.0002076	-0.0002304	-0.0002376	-0.0002293	-0.0002062	0.2107823	0.2594666	0.0425923	-0.0323939	-0.2135954	-0.2610528	-0.0413182	0.0347913
209.5000000	-4492.0000000	0.0001931	0.0001998	0.0001936	0.0001735	-0.0001927	-0.0001982	-0.0001915	-0.0001723	0.2096303	0.2538247	-0.1722993	-0.2275369	-0.2151719	-0.2526326	0.1744286	0.2288731
211.3000000	4680.0000000	0.0001904	0.0001962	0.0001906	0.0001705	-0.0001891	-0.0001954	-0.0001882	-0.0001698	0.2093469	0.2636523	0.2523177	0.1554768	-0.2098634	-0.2675669	-0.2511658	-0.1510554
212.8000000	121.9700012	0.0002202	0.0002274	0.0002209	0.0001974	-0.0002192	-0.0002261	-0.0002182	-0.0001964	0.2104836	0.2593625	0.0430439	-0.0327763	-0.2134865	-0.2603742	-0.0407271	0.0347220
214.3000000	-4493.0000000	0.0001853	0.0001916	0.0001859	0.0001664	-0.0001849	-0.0001903	-0.0001839	-0.0001655	0.2094660	0.2542228	-0.1626155	-0.2198446	-0.2152510	-0.2521793	0.1659376	0.2202627
216.1000000	4680.0000000	0.0001829	0.0001882	0.0001832	0.0001637	-0.0001816	-0.0001879	-0.0001809	-0.0001632	0.2091397	0.2633898	0.2438186	0.1472445	-0.2097944	-0.2668517	-0.2417485	-0.1428994
217.6000000	121.6800003	0.0002101	0.0002167	0.0002109	0.0001883	-0.0002091	-0.0002158	-0.0002083	-0.0001875	0.2101698	0.2592552	0.0434734	-0.0333004	-0.2133253	-0.2596371	-0.0401464	0.0347565
219.1000000	-4492.0000000	0.0001783	0.0001841	0.0001790	0.0001600	-0.0001779	-0.0001831	-0.0001770	-0.0001594	0.2093436	0.2545896	-0.1532746	-0.2126204	-0.2152136	-0.2518101	0.1576862	0.2119302
220.9500000	4679.0000000	0.0001762	0.0001810	0.0001765	0.0001576	-0.0001749	-0.0001810	-0.0001743	-0.0001573	0.2089273	0.2631355	0.2356089	0.1391895	-0.2097518	-0.2659844	-0.2325356	-0.1349988
222.4000000	121.8700027	0.0002010	0.0002071	0.0002019	0.0001801	-0.0002001	-0.0002066	-0.0001994	-0.0001796	0.2099674	0.2592428	0.0437727	-0.0339103	-0.2132598	-0.2589220	-0.0396243	0.0347438
223.9000000	-4493.0000000	0.0001721	0.0001774	0.0001729	0.0001544	-0.0001717	-0.0001766	-0.0001707	-0.0001539	0.2094435	0.2550022	-0.1446570	-0.2057638	-0.2154718	-0.2516063	0.1497858	0.2038970
225.7000000	4679.0000000	0.0001701	0.0001744	0.0001704	0.0001521	-0.0001689	-0.0001748	-0.0001683	-0.0001519	0.2087642	0.2627131	0.2273530	0.1312851	-0.2097816	-0.2650908	-0.2234415	-0.1273729
227.2000000	121.6399994	0.0001929	0.0001983	0.0001939	0.0001728	-0.0001921	-0.0001982	-0.0001913	-0.0001724	0.2098010	0.2589563	0.0436523	-0.0345213	-0.2131053	-0.2583879	-0.0393566	0.0346972
228.7000000	-4492.0000000	0.0001662	0.0001711	0.0001671	0.0001490	-0.0001659	-0.0001705	-0.0001649	-0.0001487	0.2094928	0.2552441	-0.1357436	-0.1986087	-0.2151143	-0.2518767	0.1405249	0.1957702
230.5000000	4679.0000000	0.0001645	0.0001683	0.0001648	0.0001470	-0.0001633	-0.0001691	-0.0001627	-0.0001471	0.2087863	0.2623565	0.2186618	0.1224226	-0.2095342	-0.2646772	-0.2145662	-0.1192299
231.9500000	121.7200012	0.0001856	0.0001904	0.0001865	0.0001662	-0.0001849	-0.0001906	-0.0001840	-0.0001661	0.2098051	0.2588704	0.0435465	-0.0354623	-0.2126887	-0.2582591	-0.0397425	0.0347364
233.5000000	-4492.0000000	0.0001611	0.0001656	0.0001620	0.0001444	-0.0001610	-0.0001653	-0.0001598	-0.0001443	0.2097034	0.2556469	-0.1268813	-0.1913959	-0.2146673	-0.2524323	0.1303205	0.1873312
235.2500000	4679.0000000	0.0001598	0.0001631	0.0001599	0.0001427	-0.0001587	-0.0001642	-0.0001580	-0.0001429	0.2090159	0.2621701	0.2095734	0.1128941	-0.2093104	-0.2644408	-0.2055184	-0.1108054
236.7500000	121.6500015	0.0001795	0.0001839	0.0001804	0.0001607	-0.0001790	-0.0001856	-0.0001780	-0.0001615	0.2099687	0.2589240	0.0433998	-0.0365308	-0.2122779	-0.2580899	-0.0401417	0.0315452
238.2500000	-4491.0000000	0.0001570	0.0001612	0.0001580	0.0001408	-0.0001573	-0.0001611	-0.0001559	-0.0001408	0.2099258	0.2561788	-0.1172172	-0.1834005	-0.2143146	-0.2530592	0.1186622	0.1777537
240.0500000	4678.0000000	0.0001564	0.0001593	0.0001566	0.0001397	-0.0001556	-0.0001608	-0.0001547	-0.0001401	0.2093768	0.2616936	0.1987880	0.1024812	-0.2092486	-0.2640021	-0.1946353	-0.1004743
241.5000000	121.8700027	0.0001753	0.0001793	0.0001764	0.0001572	-0.0001753	-0.0001801	-0.0001739	-0.0001573	0.2100640	0.2588529	0.0431227	-0.0374999	-0.2120519	-0.2580372	-0.0411634	0.0347187
243.0000000	-4492.0000000	0.0001547	0.0001588	0.0001561	0.0001391	-0.0001557	-0.0001588	-0.0001538	-0.0001391	0.2099936	0.2568690	-0.1052983	-0.1734867	-0.2141681	-0.2532606	0.1046916	0.1656245
244.8000000	4679.0000000	0.0001553	0.0001577	0.0001557	0.0001389	-0.0001547	-0.0001598	-0.0001536	-0.0001396	0.2095529	0.2606784	0.1850872	0.0897997	-0.2091223	-0.2630231	-0.1799181	-0.0895453
246.3000000	121.6999969	0.0001741	0.0001776	0.0001758	0.0001565	-0.0001748	-0.0001789	-0.0001730	-0.0001567	0.2097012	0.2584998	0.0428976	-0.0386497	-0.2116823	-0.2569725	-0.0414395	0.0345564
247.8000000	-4491.0000000	0.0001553	0.0001594	0.0001575	0.0001401	-0.0001574	-0.0001595	-0.0001549	-0.0001401	0.2094807	0.2575813	-0.0891221	-0.1604060	-0.2138742	-0.2525543	0.0866395	0.1490017
249.6000000	4679.0000000	0.0001579	0.0001595	0.0001589	0.0001414	-0.0001576	-0.0001624	-0.0001562	-0.0001422	0.2089941	0.2585631	0.1667577	0.0727930	-0.2085363	-0.2607412	-0.1604550	-0.0692805
251.1000000	121.8899994	0.0001777	0.0001808	0.0001806	0.0001604	-0.0001795	-0.0001827	-0.0001770	-0.0001607	0.2083015	0.2573175	0.0429338	-0.0400521	-0.2106910	-0.2544179	-0.0411282	0.0341251
252.6000000	-4490.0000000	0.0001607	0.0001650	0.0001646	0.0001460	-0.0001645	-0.0001653	-0.0001612	-0.0001460	0.2077150	0.2576507	-0.0666240	-0.1426153	-0.2126216	-0.2501877	0.0630017	0.1261064
254.3500000	4678.0000000	0.0001664	0.0001671	0.0001689	0.0001496	-0.0001667	-0.0001715	-0.0001650	-0.0001507	0.2066788	0.2545050	0.1422131	0.0501774	-0.2068916	-0.2562348	-0.1335347	-0.0456786
255.9000000	121.9400024	0.0001885	0.0001911	0.0001938	0.0001712	-0.0001922	-0.0001959	-0.0001888	-0.0001728	0.2047834	0.2541505	0.0432097	-0.0415730	-0.2080630	-0.2492780	-0.0390744	0.0291695
257.3500000	-4491.0000000	0.0001733	0.0001780	0.0001801	0.0001588	-0.0001799	-0.0001791	-0.0001754	-0.0001591	0.2036082	0.2552610	-0.0378364	-0.1198157	-0.2090411	-0.2452442	0.0343766	0.0975083
259.1500000	4679.0000000	0.0001833	0.0001827	0.0001886	0.0001655	-0.0001848	-0.0001911	-0.0001825	-0.0001680	0.2012416	0.2474226	0.1125357	0.0231114	-0.2030226	-0.2484610	-0.1008896	-0.0205780
260.6500000	121.8499985	0.0002091	0.0002110	0.0002185	0.0001911	-0.0002154	-0.0002182	-0.0002109	-0.0001931	0.1979879	0.2472743	0.0434582	-0.0430577	-0.2025081	-0.2410865	-0.0375641	0.0291951
262.1500000	-4490.0000000	0.0001955	0.0002000	0.0002071	0.0001807	-0.0002059	-0.0002049	-0.0001999	-0.0001821	0.1960635	0.2480543	-0.0062393	-0.0939016	-0.2018136	-0.2366945	0.0052092	0.0649054
264.0000000	4679.0000000	0.0002114	0.0002090	0.0002216	0.0001918	-0.0002146	-0.0002216	-0.0002120	-0.0001971	0.1912809	0.2360703	0.0805836	-0.0047624	-0.1958698	-0.2357749	-0.0657222	0.0007056
265.5500000	121.7699966	0.0002416	0.0002424	0.0002578	0.0002226	-0.0002520	-0.0002553	-0.0002463	-0.0002257	0.1870233	0.2350350	0.0431044	-0.0426851	-0.1934422	-0.2283676	-0.0340778	0.0277019
267.0000000	-4490.0000000	0.0002295	0.0002339	0.0002489	0.0002145	-0.0002452	-0.0002424	-0.0002377	-0.0002161	0.1846756	0.2342488	0.0233163	-0.0668655	-0.1906781	-0.2243870	-0.0198892	0.0379701
268.8000000	4678.0000000	0.0002498	0.0002464	0.0002685	0.0002284	-0.0002565	-0.0002641	-0.0002535	-0.0002337	0.1777987	0.2210041	0.0524372	-0.0269349	-0.1856600	-0.2198033	-0.0369671	0.0235998
270.3000000	121.7699966	0.0002853	0.0002854	0.0003119	0.0002648	-0.0003005	-0.0003042	-0.0002941	-0.0002695	0.1733326	0.2183214	0.0420490	-0.0413175	-0.1810617	-0.2127452	-0.0298385	0.0244276
271.8000000	-4490.0000000	0.0002744	0.0002786	0.0003049	0.0002585	-0.0002959	-0.0002945	-0.0002876	-0.0002617	0.1709514	0.2159000	0.0452810	-0.0440960	-0.1765701	-0.2091596	-0.0365596	0.0163012
273.6500000	4677.0000000	0.0002997	0.0002949	0.0003311	0.0002765	-0.0003112	-0.0003209	-0.0003085	-0.0002838	0.1623636	0.2032848	0.0303592	-0.0424094	-0.1731002	-0.2011698	-0.0145940	0.0377284
275.1000000	122.1800003	0.0003389	0.0003400	0.0003819	0.0003194	-0.0003624	-0.0003677	-0.0003565	-0.0003253	0.1582605	0.1995410	0.0403831	-0.0378691	-0.1670249	-0.1951402	-0.0256546	0.0232013
276.7000000	-4489.0000000	0.0003308	0.0003361	0.0003777	0.0003145	-0.0003600	-0.0003592	-0.0003514	-0.0003190	0.1559957	0.1956593	0.0596099	-0.0268180	-0.1617052	-0.1924338	-0.0461278	0.0021891
278.5000000	4677.0000000	0.0003606	0.0003582	0.0004116	0.0003387	-0.0003795	-0.0003937	-0.0003770	-0.0003454	0.1467884	0.1854133	0.0146425	-0.0500745	-0.1599067	-0.1816709	0.0002984	0.0457691
280.0500000	121.8300018	0.0004078	0.0004122	0.0004721	0.0003880	-0.0004383	-0.0004452	-0.0004322	-0.0003935	0.1432562	0.1805339	0.0382755	-0.0336858	-0.1533125	-0.1778399	-0.0220847	0.0210530
281.5500000	-4490.0000000	0.0004007	0.0004081	0.0004686	0.0003849	-0.0004374	-0.0004378	-0.0004286	-0.0003896	0.1425570	0.1766105	0.0672307	-0.0134266	-0.1478637	-0.1761277	-0.0500294	-0.0064693
283.3500000	4677.0000000	0.0004348	0.0004340	0.0005109	0.0004140	-0.0004615	-0.0004751	-0.0004594	-0.0004194	0.1330202	0.1687335	0.0043175	-0.0536139	-0.1473008	-0.1657498	0.0092019	0.0488080
284.9000000	121.8799973	0.0004886	0.0004960	0.0005814	0.0004729	-0.0005285	-0.0005370	-0.0005227	-0.0004749	0.1301787	0.1636173	0.0358959	-0.0296976	-0.1406582	-0.1621521	-0.0194126	0.0194876
286.4000000	-4489.0000000	0.0004832	0.0004963	0.0005801	0.0004715	-0.0005294	-0.0005322	-0.0005209	-0.0004742	0.1298122	0.1600141	0.0702995	-0.0040637	-0.1354105	-0.1609605	-0.0512933	-0.0115690
288.2000000	4678.0000000	0.0005238	0.0005290	0.0006327	0.0005087	-0.0005597	-0.0005748	-0.0005579	-0.0005091	0.1216247	0.1546563	-0.0024177	-0.0534640	-0.1357833	-0.1511257	0.0141856	0.0490142
289.7500000	121.8799973	0.0005874	0.0006027	0.0007149	0.0005766	-0.0006352	-0.0006448	-0.0006298	-0.0005731	0.1196230	0.1497273	0.0333688	-0.0255255	-0.1294953	-0.1486009	-0.0173878	0.0181326
291.2500000	-4489.0000000	0.0005835	0.0006048	0.0007164	0.0005785	-0.0006385	-0.0006409	-0.0006302	-0.0005744	0.1192992	0.1465427	0.0704477	0.0025182	-0.1247161	-0.1486363	-0.0507136	-0.0128609
293.1500000	4677.0000000	0.0006325	0.0006505	0.0007834	0.0006275	-0.0006777	-0.0006943	-0.0006770	-0.0006179	0.1114373	0.1429667	-0.0067616	-0.0517749	-0.1255571	-0.1388710	0.0165359	0.0482651
294.7000000	121.6500015	0.0007056	0.0007343	0.0008798	0.0007072	-0.0007644	-0.0007752	-0.0007600	-0.0006934	0.1100708	0.1383330	0.0308279	-0.0221314	-0.1196747	-0.1369632	-0.0159286	0.0169853
296.1500000	-4486.0000000	0.0007074	0.0007425	0.0008842	0.0007130	-0.0007710	-0.0007744	-0.0007636	-0.0006987	0.1106839	0.1357623	0.0688249	0.0071619	-0.1154790	-0.1376148	-0.0492754	-0.0136122
297.9500000	4678.0000000	0.0007601	0.0007940	0.0009001	0.0007715	-0.0008160	-0.0008348	-0.0008174	-0.0007478	0.1039581	0.1343376	-0.0097010	-0.0495471	-0.1170165	-0.1290343	0.0173633	0.0468116
299.4500000	121.8099976	0.0008443	0.0008953	0.0009001	0.0008673	-0.0009001	-0.0009001	-0.0009001	-0.0008354	0.1028431	0.1298646	0.0219656	-0.0192488	-0.1094394	-0.1236754	-0.0146830	0.0162576
301.0000000	-4489.0000000	0.0008535	0.0009001	0.0009001	0.0008768	-0.0009001	-0.0009001	-0.0009001	-0.0008469	0.1038217	0.1259268	0.0529357	0.0098480	-0.1045348	-0.1241435	-0.0465563	-0.0137534
302.8000000	4678.0000000	0.0009001	0.0009001	0.0009001	0.0009001	-0.0009001	-0.0009001	-0.0009001	-0.0009001	0.0955486	0.1157493	-0.0109196	-0.0447381	-0.0998842	-0.1085974	0.0154612	0.0445194
304.3500000	121.7500000	0.0009001	0.0009001	0.0009001	0.0009001	-0.0009001	-0.0009001	-0.0009001	-0.0009001	0.0853772	0.1000681	0.0152061	-0.0144354	-0.0854244	-0.0972300	-0.0122326	0.0134052
305.8500000	-4488.0000000	0.0009001	0.0009001	0.0009001	0.0009001	-0.0009001	-0.0009001	-0.0009001	-0.0009001	0.0850442	0.0968416	0.0400425	0.0106804	-0.0820172	-0.0973488	-0.0375828	-0.0121326
307.6500000	4677.0000000	0.0009001	0.0009001	0.0009001	0.0009001	-0.0009001	-0.0009001	-0.0009001	-0.0009001	0.0755274	0.0899153	-0.0104151	-0.0350484	-0.0779416	-0.0858350	0.0119745	0.0348958
309.1500000	121.6399994	0.0009001	0.0009001	0.0009001	0.0009001	-0.0009001	-0.0009001	-0.0009001	-0.0009001	0.0676719	0.0782970	0.0109190	-0.0107370	-0.0675277	-0.0771289	-0.0099891	0.0101574
310.6500000	-4488.0000000	0.0009001	0.0009001	0.0009001	0.0009001	-0.0009001	-0.0009001	-0.0009001	-0.0009001	0.0672168	0.0760844	0.0307662	0.0093944	-0.0650671	-0.0768023	-0.0299814	-0.0101473
312.4500000	4676.0000000	0.0009001	0.0009001	0.0009001	0.0009001	-0.0009001	-0.0009001	-0.0009001	-0.0009001	0.0603491	0.0707623	-0.0090630	-0.0276857	-0.0615676	-0.0683192	0.0092933	0.0269225
313.9500000	121.8300018	0.0009001	0.0009001	0.0009001	0.0009001	-0.0009001	-0.0009001	-0.0009001	-0.0009001	0.0541448	0.0622476	0.0082064	-0.0084518	-0.0539236	-0.0616434	-0.0080869	0.0077340
315.4500000	-4489.0000000	0.0009001	0.0009001	0.0009001	0.0009001	-0.0009001	-0.0009001	-0.0009001	-0.0009001	0.0535918	0.0606866	0.0241445	0.0075639	-0.0521754	-0.0611577	-0.0239429	-0.0083624
317.3500000	4677.0000000	0.0009001	0.0009001	0.0009001	0.0009001	-0.0009001	-0.0009001	-0.0009001	-0.0009001	0.0482592	0.0560843	-0.0074720	-0.0221341	-0.0489357	-0.0548768	0.0071858	0.0213775
318.8000000	121.7300034	0.0009001	0.0009001	0.0009001	0.0009001	-0.0009001	-0.0009001	-0.0009001	-0.0009001	0.0436155	0.0499530	0.0063786	-0.0068112	-0.0432966	-0.0495412	-0.0065685	0.0060516
320.3500000	-4489.0000000	0.0009001	0.0009001	0.0009001	0.0009001	-0.0009001	-0.0009001	-0.0009001	-0.0009001	0.0428118	0.0485925	0.0190598	0.0059841	-0.0419794	-0.0490104	-0.0191402	-0.0067333
322.2000000	4676.0000000	0.0009001	0.0009001	0.0009001	0.0009001	-0.0009001	-0.0009001	-0.0009001	-0.0009001	0.0390555	0.0451451	-0.0061053	-0.0178625	-0.0394689	-0.0444744	0.0056163	0.0170624
323.7000000	121.8199997	0.0009001	0.0009001	0.0009001	0.0009001	-0.0009001	-0.0009001	-0.0009001	-0.0009001	0.0351694	0.0402925	0.0050397	-0.0055636	-0.0351385	-0.0402502	-0.0053912	0.0048688
325.2000000	-4489.0000000	0.0009001	0.0009001	0.0009001	0.0009001	-0.0009001	-0.0009001	-0.0009001	-0.0009001	0.0345861	0.0393570	0.0152460	0.0047621	-0.0341459	-0.0397006	-0.0154475	-0.0053916
327.0000000	4677.0000000	0.0009001	0.0009001	0.0009001	0.0009001	-0.0009001	-0.0009001	-0.0009001	-0.0009001	0.0317178	0.0365180	-0.0049678	-0.0144439	-0.0320278	-0.0362075	0.0044082	0.0137124
328.5000000	121.6999969	0.0009001	0.0009001	0.0009001	0.0009001	-0.0009001	-0.0009001	-0.0009001	-0.0009001	0.0286335	0.0327938	0.0040224	-0.0045561	-0.0287314	-0.0329016	-0.0044424	0.0039454
330.0000000	-4488.0000000	0.0009001	0.0009001	0.0009001	0.0009001	-0.0009001	-0.0009001	-0.0009001	-0.0009001	0.0280992	0.0320554	0.0122638	0.0038001	-0.0279711	-0.0324227	-0.0125503	-0.0043177
331.8000000	4676.0000000	0.0009001	0.0009001	0.0009001	0.0009001	-0.0009001	-0.0009001	-0.0009001	-0.0009001	0.0259259	0.0297792	-0.0040560	-0.0117597	-0.0262437	-0.0297304	0.0034827	0.0111035
333.2500000	121.7699966	0.0009001	0.0009001	0.0009001	0.0009001	-0.0009001	-0.0009001	-0.0009001	-0.0009001	0.0235294	0.0269246	0.0032373	-0.0037613	-0.0236721	-0.0270780	-0.0036818	0.0032087
334.8000000	-4488.0000000	0.0009001	0.0009001	0.0009001	0.0009001	-0.0009001	-0.0009001	-0.0009001	-0.0009001	0.0229846	0.0262633	0.0099131	0.0030296	-0.0230451	-0.0266307	-0.0102471	-0.0034846
336.6000000	4676.0000000	0.0009001	0.0009001	0.0009001	0.0009001	-0.0009001	-0.0009001	-0.0009001	-0.0009001	0.0212953	0.0244125	-0.0033299	-0.0096199	-0.0216378	-0.0245372	0.0027501	0.0090145
338.0500000	121.6999969	0.0009001	0.0009001	0.0009001	0.0009001	-0.0009001	-0.0009001	-0.0009001	-0.0009001	0.0194084	0.0222008	0.0026121	-0.0031199	-0.0196222	-0.0224232	-0.0030740	0.0026204
339.6000000	-4487.0000000	0.0009001	0.0009001	0.0009001	0.0009001	-0.0009001	-0.0009001	-0.0009001	-0.0009001	0.0189148	0.0216394	0.0080533	0.0024233	-0.0191225	-0.0220464	-0.0084228	-0.0028408
341.4000000	4677.0000000	0.0009001	0.0009001	0.0009001	0.0009001	-0.0009001	-0.0009001	-0.0009001	-0.0009001	0.0175985	0.0201456	-0.0027438	-0.0079178	-0.0179676	-0.0203852	0.0021733	0.0073719
342.9000000	121.7699966	0.0009001	0.0009001	0.0009001	0.0009001	-0.0009001	-0.0009001	-0.0009001	-0.0009001	0.0160237	0.0183351	0.0021128	-0.0026126	-0.0163537	-0.0186897	-0.0025883	0.0021494
344.4000000	-4488.0000000	0.0009001	0.0009001	0.0009001	0.0009001	-0.0009001	-0.0009001	-0.0009001	-0.0009001	0.0156487	0.0179253	0.0065731	0.0019399	-0.0159536	-0.0183495	-0.0069624	-0.0023233
346.1500000	4676.0000000	0.0009001	0.0009001	0.0009001	0.0009001	-0.0009001	-0.0009001	-0.0009001	-0.0009001	0.0146045	0.0166825	-0.0022847	-0.0065342	-0.0149858	-0.0170051	0.0017170	0.0060345
347.7000000	121.8300018	0.0009001	0.0009001	0.0009001	0.0009001	-0.0009001	-0.0009001	-0.0009001	-0.0009001	0.0133166	0.0152386	0.0017074	-0.0021948	-0.0137084	-0.0156486	-0.0021918	0.0017610
349.2000000	-4488.0000000	0.0009001	0.0009001	0.0009001	0.0009001	-0.0009001	-0.0009001	-0.0009001	-0.0009001	0.0130019	0.0149036	0.0053794	0.0015525	-0.0133792	-0.0153611	-0.0057891	-0.0019146
